2567,4924
4587,996
726,2790
943,4113
2310,417
2395,601
1723,262
3325,523
4802,428
405,4783
2874,1461
3044,4574
1327,1433
1520,3084
2231,4924
4354,4787
4610,1595
1403,4714
2464,4553
989,2085
3653,166
3182,4298
3875,4956
3837,2508
2016,3300
4756,1633
4533,645
850,1736
3155,4362
347,1620
4933,3474
201,2538
2292,4222
1430,3586
109,3934
3401,4047
956,997
3575,4067
934,1636
2493,1924
1465,2563
3937,1701
3130,1002
1909,1331
3724,1021
1988,2605
389,683
1480,738
2541,2552
2748,575
758,2187
14,1857
99,698
3212,2634
4838,4711
4244,1165
3319,1368
3202,4734
3230,1758
1340,1196
442,2485
4703,832
4232,4543
2062,4759
2026,3122
2285,3282
1663,4467
2269,758
1895,3446
3643,2915
1972,3001
2661,1247
1136,3731
1776,362
2826,144
3586,3899
3789,771
3495,3331
2375,92
1467,3658
3403,4651
3492,721
2043,4215
2188,4832
4110,791
3822,4333
906,2743
1909,3323
4270,4420
3385,1699
1240,3272
1515,3982
276,2911
779,1336
394,3414
8,407
3187,1096
3110,328
1229,2970
1984,4901
4353,4516
4442,1791
4663,3112
834,3334
1711,529
1308,4767
1063,2230
8,4708
769,484
909,1215
2517,1382
4536,1899
4638,2985
2730,4341
1096,3978
97,2137
1868,3354
3145,2945
2962,1483
862,1212
1725,3016
3717,3685
995,777
3781,2667
2283,4405
3461,3937
249,3911
4324,1733
1923,474
2491,1045
3547,427
117,2443
4094,2419
882,411
2750,1267
2178,3399
553,701
495,227
2388,3639
4336,799
1324,2128
4258,3815
1830,3883
1039,3727
2273,1576
763,3230
769,1704
1546,2267
3652,4285
4572,3924
4953,3936
4495,888
1987,2553
4158,2782
3553,3215
3026,4693
3778,1597
3562,1515
119,4234
1903,2168
2965,4685
2490,833
2503,1561
651,4238
4336,2008
122,303
4863,2535
4919,3292
4832,2931
802,4456
2434,3560
3675,4115
132,1316
3190,4670
1733,2164
3110,3887
2824,3333
3089,730
1057,4910
203,4020
589,1071
4832,3759
3752,2562
4707,251
4279,4507
2710,4839
1616,2869
2058,1603
3101,4824
2726,4997
3442,4939
1033,1640
4665,1203
4580,884
4117,865
4627,2012
4875,2473
3618,1884
639,3335
1105,1644
3553,370
1482,4636
3654,3880
710,2432
2456,375
3833,1829
4800,3260
4097,1904
4607,1398
993,4333
3346,2235
3626,3195
1160,1494
3423,443
1476,190
453,2127
4382,2101
3171,3790
4498,2549
4075,1731
4965,4539
1453,419
2704,1368
4732,1815
734,587
1090,2037
1202,1951
2064,1019
3249,576
4611,111
1527,1877
586,3185
3155,1422
3517,486
4947,2029
2782,2197
4585,47
1483,4131
2112,4531
2754,3364
234,3811
2658,1004
843,737
2893,239
3884,972
2805,1890
179,2378
4439,1404
2521,3423
2216,2098
545,573
2934,305
1665,4619
1121,4629
700,3564
3834,4512
3929,126
973,2389
1942,2273
918,2485
2089,1790
4594,4367
4367,3929
1165,3229
464,83
4837,3168
689,3896
4102,3563
1987,1268
1520,3503
2663,4840
567,1327
3862,573
877,120
710,1027
456,3907
1705,2113
4526,3860
2810,1643
1411,2236
3359,4097
4272,2452
412,4489
3504,1287
1323,878
2611,3242
3062,65
3980,2167
660,2690
3703,3081
3960,1625
4170,3724
3164,1175
1723,1124
4727,2638
1649,481
4227,2589
4428,1536
4434,4732
4246,1348
3742,2078
4219,1423
2833,615
4583,4511
4278,3706
4753,125
3896,4399
4607,2470
2986,530
1193,2499
2737,1517
444,615
2943,2811
2242,4117
2361,862
1341,494
4252,3090
4253,4397
2399,374
4626,4887
2993,123
4875,503
4244,3152
3950,2499
1509,2548
1351,3106
4904,4932
2944,2347
2136,347
1620,754
1158,2938
1723,3038
2467,1359
2018,4671
2134,3328
3373,1144
791,649
2581,3467
3623,2721
1729,551
1060,3087
3539,264
2926,552
2302,1150
2687,2183
4502,3754
2233,3508
160,3318
1799,3295
3334,4064
3710,2242
864,2921
711,120
2223,1392
2634,3389
4642,4077
1166,664
36,4816
896,2230
4739,3028
2188,3967
1557,4823
2324,3967
2639,1748
2392,1593
270,125
4819,1491
4704,360
1916,2349
3381,180
56,4013
2464,3799
4634,690
4504,3907
3775,4004
362,2680
4625,1083
4264,1526
1293,3744
576,4161
256,3476
3118,4634
2927,1793
3799,2189
3909,2678
4866,2017
46,3473
4469,2594
2956,2987
2006,2171
1763,1600
1854,1403
1407,4265
407,3338
1428,4389
3331,2905
2938,2847
1629,645
787,3947
141,3445
1430,2514
4947,3008
2770,1072
4221,1695
2165,2816
1895,3939
3642,2422
3156,2671
3273,274
2930,2141
1366,4954
796,1760
206,352
4942,2791
2925,2684
2524,4323
4888,2241
4150,39
4419,53
1481,1123
810,4925
282,2062
4474,606
3732,3219
844,1078
1428,443
3044,1206
1909,3945
2378,2488
93,128
3552,2539
1360,3793
1888,523
4787,3637
670,1815
4029,4080
2865,1836
2645,2778
2611,901
1646,3021
285,1230
816,773
1330,3009
194,3800
1029,3291
1503,4421
1894,3677
1621,3125
3964,3853
1115,1890
3002,1711
2679,3892
142,4012
1032,3376
1153,3267
4506,2525
2611,71
3828,3980
917,447
2596,4276
3112,659
2861,289
1741,2575
1111,4136
4323,3009
1903,1965
4633,1388
3173,3139
58,1037
1821,2448
2860,710
2353,346
388,2458
674,3200
554,1286
3309,3172
2790,2822
4220,991
1803,2582
2208,4120
441,1219
4890,1002
1185,4036
3220,3812
4345,1612
2995,1982
4526,3375
4184,987
4281,4016
3655,2588
647,4573
4041,171
3636,1748
3444,3698
1467,3954
881,3281
406,2712
4000,746
4118,576
2163,1895
4722,2593
4764,1269
4112,996
4046,899
1971,3091
4002,885
2853,4559
3922,3865
3204,4831
3629,1583
2372,2485
1130,389
2481,3059
2264,382
4964,2558
4616,1150
1040,1260
49,2366
3798,3055
2371,2788
2280,488
2065,3449
1433,4342
3063,4927
168,761
2921,2581
4190,2551
2034,4862
3506,4791
1385,3166
828,3284
3247,3101
4444,2603
932,2830
20,1881
2226,15
3607,1158
3213,3683
3986,1673
1599,4807
876,4282
732,600
886,2472
4891,588
3581,319
3546,163
4588,2987
3340,179
4940,1689
479,1988
278,205
2752,311
2224,1742
2150,1803
868,3993
3144,4701
1844,4095
1700,496
4247,2150
4062,4305
1436,275
3669,3810
493,4142
215,2576
1706,2510
1210,2032
320,311
984,708
2526,1947
2785,3438
1974,2843
602,4925
4393,519
3411,41
578,2100
619,3474
3467,117
3156,873
4912,2245
4624,4210
4680,4941
891,4222
1564,114
2743,1143
1370,2681
3978,2408
3809,1816
3759,4490
1406,2687
3313,1796
793,3258
3604,1702
3450,4500
4934,2512
1694,534
4135,2627
3100,2388
1918,4261
1620,1189
788,2234
549,3699
3879,391
2820,4965
2702,2187
1909,4857
2179,4110
1035,2331
2463,105
4741,3155
2935,4651
1930,2832
3178,2030
3145,1998
650,124
1565,1594
2810,3347
2604,4262
3541,2082
2756,147
4462,4150
2515,375
3636,3143
3210,4830
586,2442
868,2364
1030,3997
4429,2764
4927,1908
2774,3036
4665,2764
1327,1282
3985,677
862,754
3790,1484
4885,917
1339,3427
3889,2932
242,2434
3695,1327
436,3490
888,1859
4862,3771
241,2532
2923,2642
2609,2612
4868,666
1048,2096
2818,2730
4771,2466
2546,3130
4953,1129
4389,323
1803,3968
1043,2266
499,671
4357,3174
855,3255
1526,477
1392,4844
2276,2982
2582,140
2476,1501
3614,4482
47,511
4878,2236
3456,3608
2159,4342
797,385
2100,2647
4842,2201
3955,4054
2401,1302
3523,2498
3426,4409
3226,102
4068,875
1407,2481
4764,3755
2829,2498
407,2387
1491,1298
2611,1096
3015,1957
4984,3249
1350,195
1977,1207
1187,700
2700,4822
266,2585
220,1906
4430,4227
853,230
3842,1757
1344,3365
37,2231
2860,1528
1134,3298
2838,2311
1433,3383
873,2536
1416,1731
2489,4233
733,3332
4275,1159
3610,1399
4277,422
2632,4726
1902,635
3068,1146
3544,4547
3676,293
4468,2393
3955,4806
4467,2322
246,3217
522,75
142,3267
4748,4238
936,451
98,1139
778,3725
738,3383
1065,142
4527,2160
2308,4263
2708,2673
756,2248
2310,4740
2751,765
4441,3680
57,1744
1298,549
3990,2058
2419,3875
3406,925
1422,4814
3206,125
2194,2329
112,3725
4053,4806
4765,4328
4300,1535
2804,3486
2926,2409
4560,1640
3084,3865
1111,4992
2109,1387
3332,1659
4939,4377
4571,1667
3868,2570
4859,3195
347,1934
2225,4651
2513,3928
439,3543
599,3749
1851,3743
566,2786
1491,1274
4209,4214
2520,2155
822,1273
878,4757
4377,1335
4591,2058
1739,2666
4904,3607
2615,4782
3921,446
3678,2691
83,580
1818,4908
4287,3597
2565,2226
1067,3735
177,3915
2890,1988
4213,843
3099,3078
1659,2579
1992,1345
1051,518
720,3922
2676,611
3603,4744
2242,3987
681,3921
2766,1482
943,315
1211,2769
815,3928
1823,509
4143,2090
1038,2928
624,4785
1810,3685
3443,701
3399,3065
4922,4512
3247,802
621,4093
4267,2242
4600,963
4887,4215
1570,1497
462,1325
3123,268
3746,812
2092,17
3839,1072
3083,340
2018,3814
2660,4301
2445,519
4995,3466
3984,1827
1682,2473
4571,2868
270,266
4174,4480
4772,4864
4921,1460
2061,3668
239,3648
4439,431
4536,1006
293,4055
2199,3498
1737,4459
822,561
3912,2206
1955,1756
3149,3396
4527,137
3057,1147
2175,2998
4289,4942
931,2457
812,1550
1164,4524
1710,925
4182,12
1364,1793
2206,1294
3632,921
3560,4527
2511,4245
3423,3427
1800,1138
1049,1827
3081,4940
4063,3889
320,2797
4959,3363
2666,4739
4634,281
2496,579
415,3821
66,1880
3897,1684
2337,110
3016,441
4453,135
491,4076
3861,4396
1069,3156
2814,4603
2420,1643
1424,3830
2545,1453
1019,1010
3893,312
505,4769
152,3350
3195,4573
2481,352
3106,1001
4576,1558
3375,4352
4480,489
2814,280
4741,4657
2389,2993
2751,37
698,3844
736,1785
1416,1055
4055,4109
1696,2363
2281,1314
4023,68
2387,33
1211,1943
2759,4547
4399,704
1027,3381
488,4545
2362,4111
97,2717
472,1842
3716,4630
4486,3378
3437,3255
3455,355
92,1236
3728,5000
682,4205
3506,1357
582,3469
4187,2931
3347,196
3114,1785
2702,4871
3409,494
2896,2115
3866,2056
3387,39
2711,1024
1072,3779
2491,2654
2984,4486
105,4246
3805,3576
1619,1244
3442,1658
963,2631
3359,1793
2760,1545
2068,4019
55,3454
2860,577
2322,1388
1222,4572
2981,4747
2941,4705
4451,1112
926,3081
490,4758
3398,396
4969,3404
3628,3963
3623,3383
3035,1405
3270,133
4933,3379
933,2084
3659,3027
3263,496
1289,4956
16,4374
3031,412
1879,4614
4408,2092
4914,4539
2279,4328
1533,3425
1597,862
4502,3505
2398,1842
4045,4339
4296,1736
822,3215
1432,1214
4778,4490
1330,1094
1717,3389
10,4729
1461,3055
739,1301
912,1353
603,1868
151,700
2099,4694
1428,2647
4968,2218
1712,340
1942,3223
2618,2123
702,4931
1085,1020
1574,4300
4767,77
3252,3643
4862,3564
1087,3959
2439,4063
4321,969
2705,3606
4962,2212
3789,2311
3826,3945
1115,3319
2242,4274
2851,2343
1212,1661
1852,3983
721,2288
3866,2575
556,4737
4185,1655
355,2696
545,348
2789,254
4038,2731
4745,4466
3073,1727
332,4415
2605,1934
3285,4274
3725,3486
553,2171
2384,2223
4602,2536
3331,2717
561,684
343,4034
1111,2721
1015,4694
1829,53
4461,1348
2739,1758
1627,4090
1064,111
1913,376
4689,2592
226,4753
441,4107
3856,1413
495,1624
1486,4398
2358,2587
1465,3878
3829,239
4178,244
4839,747
3810,2012
120,2878
3615,2112
4691,2814
4040,4105
3091,3491
3425,4214
2250,3787
4003,894
648,1026
468,106
2755,363
4892,4754
4573,3793
4306,3478
1973,4094
1981,4412
4636,1999
2903,4065
553,4445
3113,3095
2437,248
358,3821
2297,3479
4366,2264
3737,3144
2380,442
831,152
60,3532
3322,2163
4330,4508
105,4032
1369,1198
3782,545
956,3366
4123,2994
919,2102
3052,2939
1214,3006
1048,1097
3844,1095
4429,2779
7,4444
489,3090
4221,4547
4638,2089
2080,4166
4745,3444
3485,3094
1947,550
2421,1008
268,2237
2592,2625
3234,2490
476,1280
1310,346
2964,881
3515,4226
4321,317
1813,772
1986,1890
2123,824
4824,934
3406,3946
188,2746
2086,3528
3339,4290
3826,2019
3606,3467
3521,2696
696,2215
2211,4172
635,3577
2754,4054
1103,3328
2031,1723
4429,4226
1744,749
2345,436
3323,1873
210,3875
1786,4702
3666,1170
3740,3340
107,1381
2205,2600
656,4733
4532,4988
1620,1967
2147,1033
556,2143
211,531
4975,4307
4701,475
4442,3636
1372,4571
2657,3047
2262,3365
2760,4196
1797,306
4791,1421
1324,190
2689,325
648,2481
2261,4213
4644,614
270,2879
1216,1662
3309,4902
2217,2405
1188,895
3331,414
4958,284
1053,1435
4175,2369
4165,2102
1113,1124
1946,2440
4721,3583
1590,3425
3442,3551
1742,3810
4975,1344
4915,905
2698,1781
4546,2417
1857,3978
1459,3782
2871,2914
1808,3419
3071,2557
2184,3821
1866,4124
4513,2212
3843,4703
4116,3315
2228,3402
3816,2338
4334,30
2365,1535
3282,770
1878,3819
1609,1011
3784,1477
4529,1132
485,1060
4052,2691
3598,2747
3799,43
1602,4450
379,1705
4501,1638
3801,3930
1340,2637
137,191
314,4814
826,4021
1346,4332
2598,2355
942,142
336,4107
252,3031
4323,3969
742,1233
2782,680
338,4063
337,432
4625,3720
4350,2750
2783,2582
1956,3289
2655,268
590,2142
4061,3631
902,3990
413,276
812,2880
2281,2658
4219,3225
2652,4490
3077,2559
3738,4844
3019,3780
4847,3084
4683,281
3395,734
3385,320
629,1712
4365,1702
4765,2800
2954,3627
1094,1623
3344,1815
1099,4132
3402,3689
1831,3440
3247,3849
4838,2877
3960,4939
3342,489
566,1455
1355,1910
2096,1989
1098,2301
3057,1771
2289,476
1943,740
606,1965
1103,954
4315,1727
3658,931
1813,1737
496,1208
108,2533
668,4797
702,862
3352,373
2266,1040
1994,338
495,90
68,400
673,4572
4487,2229
4485,1691
4373,475
2230,1892
2790,4976
4043,1181
462,868
2163,3232
630,1675
1412,1154
3516,4715
1674,1541
4604,3334
4562,3595
1403,4388
4227,4864
1170,943
4267,45
4356,529
1826,514
3169,2671
545,3273
776,753
2181,1439
247,2856
936,3381
1445,3159
3241,905
3338,1359
1399,1077
1999,4320
3584,1089
2349,4305
2806,2779
2534,4104
4542,1532
1365,504
1261,3703
3213,285
863,2919
545,1040
2391,351
2994,2306
4594,2552
33,4684
4621,4023
1411,3227
4950,1691
4699,3912
2395,2613
571,1582
285,1352
4737,3961
2247,4469
3419,1178
206,3576
839,601
1540,3524
2710,3551
779,1867
4798,3751
3971,3584
4961,988
2285,586
3432,1533
866,3215
1091,4768
661,2041
2994,3363
4228,2665
1950,2519
2280,4415
1456,1610
1713,4476
4120,2168
3782,3892
1171,3256
1467,3786
3126,4790
2252,536
3757,2752
2365,2745
277,3372
722,73
2063,607
903,1253
3643,3983
4670,79
2815,1539
3233,4983
1923,563
1598,3281
2653,3551
14,2001
220,1390
4052,4559
4515,1933
2717,3134
73,3721
695,4945
4447,929
4904,4506
4056,2003
2421,2600
2112,4641
3534,2195
3963,2481
4562,273
1919,3564
1354,4518
4368,4712
3557,1217
4111,998
565,3877
4164,4694
2423,2543
441,3709
1208,3560
14,397
1724,1615
4757,3005
1017,1179
1615,3836
36,806
4447,3322
382,459
4882,2096
4269,4517
583,2181
2006,2245
915,1189
352,3243
1877,608
3970,4559
1463,4611
869,1445
367,2842
3844,4935
4544,1805
1313,3193
1700,3476
4906,2456
1297,390
2158,1117
904,944
2848,3849
3494,1856
4189,952
2551,2688
388,3516
3604,29
1758,4875
1223,1594
4322,2024
2769,4449
3259,416
3044,4438
1423,320
567,875
2753,2699
2050,4310
4799,537
3897,4485
1100,2758
3143,2811
3831,3129
4911,2451
2148,1503
4852,2910
4849,2644
2340,3054
727,4108
4512,2071
1690,2767
569,1115
916,2177
1728,3353
4285,3367
4152,4328
1868,1197
2729,1769
1630,1462
445,2357
2707,2606
1027,4139
1728,2435
4421,2274
1787,4755
2730,1665
4970,776
588,4400
4401,1880
1293,2775
4761,4072
2196,3682
832,4122
1399,2645
2893,887
3338,3028
4792,1408
2903,1726
543,4066
690,3895
1323,4129
4691,897
638,3402
827,1005
4422,12
4766,3369
2503,4595
1878,2552
2495,676
989,4920
1832,2138
4342,1086
1505,874
598,2333
4755,2150
1823,873
1065,2620
302,2150
2666,2820
3464,2623
2964,718
1648,1377
3098,3133
2971,3380
4196,1569
1493,856
265,4740
2543,550
4834,2732
3592,417
1685,1610
4903,4844
3055,2372
1556,2065
2503,2042
1641,419
3292,3477
4316,4785
2270,2892
730,313
461,2013
1785,2005
3343,997
671,3157
2994,4563
1663,184
3605,4615
4348,4048
292,2623
3707,460
2318,2260
337,2306
1865,3941
1834,2276
3912,3394
1238,128
1894,4631
3724,4661
3685,2397
1286,4875
4291,2808
66,3552
1198,3597
4056,2266
2768,4378
3821,4291
1636,1860
2117,4268
739,3603
3776,756
3994,4504
1619,2298
3780,4957
3200,151
4169,2306
2079,560
3060,4716
3255,378
3746,2526
767,4435
4494,1402
4491,2785
1623,1716
532,528
3996,770
3171,3822
4727,1469
368,2901
3140,682
4644,1359
2517,3399
947,3498
2524,657
3170,1751
1601,2169
178,594
3633,3970
2114,4035
4376,3718
1109,4811
4748,2721
3279,3906
1198,1816
3228,3048
2371,4909
876,2954
3776,2422
2459,834
89,2205
4987,2206
381,2532
1562,2410
4380,3180
3895,2838
3589,2331
3803,1288
3460,3544
776,1943
2441,250
3843,3136
4030,3982
4125,3658
3142,1946
1048,4159
739,2185
3948,2341
1011,1411
1747,4905
1191,1430
2035,4560
2602,3900
3794,4057
2185,4867
2847,135
3847,3627
2669,3605
683,22
2039,2146
422,2676
3652,3007
3284,2021
1175,945
4448,1226
564,3366
2049,795
2846,4112
1955,4918
3427,2039
4015,1610
3667,2280
552,1576
4816,1505
1679,2389
563,3101
260,1896
3314,3335
3865,1822
2863,2840
1161,4361
3458,2089
254,2921
2275,1877
3059,4322
2051,1332
725,1302
4097,1725
225,2369
4704,3300
2677,2301
3831,4312
4416,42
4178,2716
3507,2670
54,3160
3769,523
904,4713
1787,4128
2460,4894
2975,803
3203,1170
650,2340
1888,1196
702,2719
3806,2047
3966,1829
2359,4102
919,4964
3547,4555
4873,3757
3666,3403
2045,330
4557,1180
4250,4399
547,1191
1081,1793
3496,4826
1266,4523
2797,288
3149,1784
4100,318
1217,2181
2165,3256
1460,1970
4239,4155
2627,863
4673,1547
3126,4482
4534,3356
4077,754
1154,1420
4137,2702
3089,379
3196,3682
1448,3763
486,4443
2662,4866
3489,1448
2945,1463
3706,2738
3576,3818
730,2708
4291,3514
2822,2253
1062,1505
2289,4695
3827,3712
1696,1057
1351,67
1206,4060
2695,3586
2439,630
1967,856
3236,1544
2941,4971
1086,4674
3860,898
4109,3921
3803,2614
1774,2343
3012,273
796,3466
312,889
692,845
4081,4570
1204,459
4327,647
937,3370
4039,3298
531,2919
4388,2917
1412,4381
1008,522
4946,1925
4042,3577
1628,821
4695,674
4111,275
2929,738
800,3393
1701,3349
3556,3527
193,859
4772,3429
654,4290
4290,3026
2597,2397
3639,2115
3486,1518
1418,833
1482,4564
3673,4857
661,4308
3641,718
469,525
397,4702
4777,1219
4256,3788
2052,3016
3407,257
4766,2440
2279,2525
4110,989
3114,3032
1773,4151
1812,1098
2367,2281
4025,4424
4933,701
24,2449
627,3878
338,1007
3960,1566
3524,3322
4112,1149
1326,4840
4074,1247
1265,1160
1864,1701
2355,1618
4234,3463
739,2213
1995,4786
2122,1061
4767,4843
1098,1120
4101,1896
204,4959
4565,3443
482,4418
2068,3593
2211,4297
2779,4370
4762,2859
1036,2932
2850,3727
1988,69
1843,697
1211,4242
4924,232
4626,606
266,1316
1827,78
2358,1426
996,428
1270,1438
1369,4934
4413,1472
4714,2623
3630,1848
4199,4178
3656,3775
4427,1108
3020,2681
2290,747
4829,3273
89,1421
93,4701
2728,1476
1179,499
4601,526
2894,4079
2667,1801
4396,2778
4988,4766
1141,334
196,3445
3734,1088
2967,2432
1188,3989
151,3705
1025,3252
1130,1867
533,1634
326,3752
117,2792
966,1184
185,4598
3453,4917
1049,787
4214,323
971,4384
1999,3247
2101,3511
1207,4972
3045,4988
604,3336
4472,4539
1180,1147
85,979
1070,630
1970,524
1152,4228
1119,2912
4522,2344
1449,1825
2421,1134
6,4276
2087,502
4941,4854
2150,2610
1893,1189
101,4565
1809,481
2087,1241
2694,4131
1105,3780
4689,3955
1085,1968
664,3886
740,2553
3240,4925
129,4310
2128,2920
2577,3247
2383,596
2657,78
1649,1691
2532,1308
121,2356
1723,1881
2244,3799
3222,1590
4654,2048
3367,4520
2563,2820
1981,3473
4240,3009
4453,3527
1887,340
4064,2592
3360,641
1418,3450
4963,1647
568,582
1038,4738
2147,2522
494,134
4975,2619
1993,787
3859,2512
3552,639
3032,4519
615,4409
4390,1390
1369,1471
1494,1235
633,490
766,978
3101,3849
4474,3271
4168,1900
836,2222
248,1447
3491,1603
2617,1137
2544,1148
2793,1847
2481,771
1848,2645
4542,451
3560,1502
1810,685
1094,1738
3529,1766
3502,2805
4286,3882
3684,1852
873,3701
2384,3665
3743,3452
2289,3669
3399,4633
3325,530
4050,618
2407,3204
305,4196
4654,1269
225,1653
484,771
1014,3610
3243,783
638,3634
2378,3948
4957,4884
2350,4506
4697,4103
3942,3827
2782,801
1100,4469
3429,3415
4379,4210
384,3656
2446,628
2431,2186
2701,3567
4503,3060
2132,4374
3543,4538
307,2987
1159,3313
2057,722
1218,2430
507,2347
2593,1748
1369,3215
1795,3416
4157,3954
780,3036
2153,2114
4332,1615
2259,3263
4407,2992
3233,3519
4036,4654
4469,76
1254,2587
2756,4001
3844,2657
220,38
2375,71
1905,4035
1027,3446
2390,1355
2205,384
665,2368
756,2680
232,2495
4888,1418
2256,4633
3459,2556
1873,60
3910,3436
3734,2844
2026,2275
3203,1631
3057,187
2803,1186
2458,4675
1804,1583
155,1848
3162,4470
2474,357
2249,3060
4176,3658
4805,4332
173,4500
3236,3549
1220,4441
2338,2331
4061,2333
2055,1391
1574,4543
827,3272
37,4855
4881,4432
361,1834
3920,4803
1070,4683
2938,2597
3074,4431
1640,4412
431,4341
3957,1581
1630,1927
240,528
3962,850
3718,1447
1376,1128
3398,3930
939,4782
4337,1518
3000,4121
3032,1701
4759,3180
215,3055
2218,4174
3411,444
4403,641
3767,2635
3145,4913
4848,2221
4678,169
4999,377
4580,3078
3636,4304
2433,3253
67,3765
4226,3442
722,3346
4011,3945
3662,2127
3688,3536
3745,991
3293,4557
3673,3915
1749,4539
1178,3770
4691,3250
2011,3895
3468,1720
476,4446
782,3260
4229,1556
4184,453
615,4528
3107,4438
2731,3826
2918,4088
1032,3054
1973,4180
3505,3435
2820,2173
3558,771
4527,3304
2931,1875
3230,1211
4429,4421
4623,1937
4729,2029
389,3623
1449,3206
3469,1458
4898,509
2249,243
2482,2728
1162,4950
1349,4115
38,3055
1933,3505
2747,4268
2710,1980
3695,3927
1521,4266
1388,2374
4156,4028
2163,2228
371,924
2478,4054
3136,4697
945,2550
2539,1127
1312,1558
2054,2936
1194,52
362,320
2610,2700
3828,769
4594,1735
1288,3033
2880,3296
2106,2260
2473,497
106,278
3320,1047
1120,638
4927,2737
4424,604
2149,2703
1517,1354
3349,418
3197,4123
2111,4419
527,775
4827,1983
4903,4503
1588,3051
4136,4171
2267,3550
4221,759
1075,4622
4294,374
2190,2233
4089,2762
861,4488
3783,3201
664,2299
714,4892
804,4739
4842,4998
2536,1650
2762,2649
4975,3799
2936,524
4925,230
4321,995
3732,994
857,2851
4897,3709
1864,1947
3661,596
1705,3454
2429,2974
1338,1196
755,3250
773,936
3088,1645
4086,1353
168,263
358,4241
2865,2992
4242,3717
4024,370
1084,3918
1732,3819
1613,291
4805,374
3143,3527
612,4776
3662,2623
2415,2993
2891,2327
3193,4850
2921,3445
14,1046
2425,4097
3423,1374
4221,4089
5,2675
1475,3552
1157,3861
1725,22
2459,1209
4023,330
2204,1553
4281,1608
2676,4713
1552,2303
2183,1145
3103,2316
1902,2589
2154,4278
1962,43
878,2709
1878,4626
4517,614
369,1244
1332,2531
1266,289
1337,1166
3105,563
3911,1909
474,3078
4915,4667
3657,1501
728,4475
2951,2860
2637,2857
368,2348
310,1979
249,4581
4901,2839
1244,2116
1496,373
4041,2328
2172,3945
3244,2772
2035,2148
848,1608
202,2162
1990,1327
1010,4774
607,4152
4472,586
4298,4032
49,197
2951,811
2444,3731
3945,927
3830,4648
3638,687
708,3671
968,2965
2446,2793
1458,1608
1765,3556
3040,3084
687,187
3489,910
394,1134
2411,978
2182,2045
4386,1192
707,1184
1745,25
686,1062
149,4822
2868,478
259,3813
4702,4234
270,898
1093,3616
467,3525
1773,4182
1117,2031
3493,3202
3530,3031
4235,4212
1986,3330
4266,3174
808,87
2031,230
2411,1852
3860,2706
4427,2012
3003,4228
4182,1050
2110,1458
3625,3970
1618,3547
3478,2164
3738,3650
2716,1304
1554,2840
4363,645
1246,113
1605,2820
3458,2721
2984,2190
2676,45
3822,86
2838,2258
1094,4462
704,1271
4463,4945
3126,4545
3700,4639
1984,948
2984,1213
4411,626
30,1623
2241,1064
204,1195
110,3893
914,4775
4407,506
105,49
2096,4986
640,1053
3781,230
3703,2148
4421,1125
3279,1199
761,1586
947,4893
2347,161
2915,3872
4140,3013
3995,4085
3719,287
4070,1451
1125,1241
4034,1883
1382,4816
2599,2962
4832,4354
4507,875
1288,1873
3897,3357
3983,817
4953,3793
550,4738
3274,1514
2544,3798
3383,1791
2816,2802
1977,3136
1687,4512
3688,1662
1508,2897
3539,723
3690,2693
4655,1590
2976,2234
4405,4074
2425,3863
710,3539
2362,4948
550,4891
712,1705
976,4374
1067,4790
4402,767
857,712
2415,1892
1383,2664
3861,1937
4679,489
3501,2863
1522,1159
4069,651
1087,1495
4327,151
1437,4022
807,3330
3270,972
1397,259
3789,1194
785,3384
1679,2613
4084,4123
2305,1166
4256,3821
4351,1970
1676,4551
4025,3579
4877,3232
1221,4106
4784,4848
4710,1597
667,3374
2896,3067
2828,4353
1050,2100
2375,1212
1667,4569
4643,4230
4521,153
2902,4820
341,728
2864,4687
385,2231
3832,2976
3488,3228
10,4540
2283,2772
2868,2907
3377,1945
276,4740
487,1416
2481,4143
2315,1193
3974,990
2146,2202
4785,3267
1677,1066
1448,2885
947,4764
928,4409
3395,4790
3495,651
1613,4919
522,818
4119,1949
1774,1064
3227,2909
4866,2404
2009,4328
317,3443
4998,4214
1764,1057
2150,2459
3344,3129
4939,1981
4816,941
4907,3701
4915,2959
899,2175
1897,73
942,2824
3995,1580
2664,3956
4839,1537
4979,1234
331,3799
660,1997
3996,1733
3619,4798
4983,4609
1528,53
4483,2851
2013,677
124,1697
240,1973
4658,3988
4176,2579
1907,162
2021,2145
4234,2346
157,1994
3583,2055
1180,1554
148,1431
845,1457
1330,3444
928,3411
3643,828
2700,3776
3300,167
3956,1550
3677,1603
1089,1756
1762,4833
2129,415
3756,1786
3810,3384
2421,964
3458,2616
3222,3091
1605,4023
4695,3951
3856,3434
788,2832
547,1660
2582,1506
576,3813
2984,4169
4099,4501
1140,690
1477,2043
3037,3901
4353,1835
1541,3229
2326,596
3288,1643
282,4481
4498,3894
1059,2473
2285,2163
4488,4242
3309,1712
1038,3603
3549,1515
1362,3890
2353,2994
4869,248
2282,3326
2460,2712
1058,3125
3513,4621
4984,3278
2492,1192
137,1864
1960,1762
1909,2347
770,1889
3222,4115
3709,3798
1324,2526
3909,4878
3663,3390
1711,4106
4685,4875
3798,109
1988,319
4627,2372
3888,3978
2434,524
1000,1439
1827,1246
23,1884
3085,2876
1779,1471
3024,3724
434,3962
1005,1950
4275,1555
4450,3098
2802,285
84,4421
4817,1823
4162,3719
1113,405
3219,3697
4139,2529
3837,4756
4114,4152
1504,220
4925,3567
3775,1152
1198,1282
791,718
4017,44
1203,2449
1036,362
4735,4389
3182,4696
2340,1667
2546,4973
2553,767
4519,3823
4668,180
3632,2525
4493,2684
827,3835
1728,3274
2122,934
3463,946
2215,3617
3974,1452
3611,2141
216,4057
2938,2263
4555,121
2071,171
2586,2550
225,3702
4972,978
1191,4589
168,4057
2688,2102
2599,2880
3666,2621
2784,3108
1253,4794
3762,1576
2116,4731
2793,3101
227,2312
4434,4788
4438,797
4006,4173
4053,1629
4147,2602
2647,4646
1811,734
4793,3659
1929,3652
3695,1895
484,691
2382,2510
3886,2470
4739,3566
2358,3441
4086,1098
4010,2124
4822,348
747,2181
4365,3427
1945,4798
1669,941
4829,4457
3699,4394
2569,1101
1231,288
3304,2103
116,1156
4879,4965
4645,2106
3903,2220
1198,1264
2068,2072
324,1194
554,4897
321,3373
466,2191
2771,3084
2717,4622
800,2792
2712,3745
1464,3206
2844,2950
3782,4725
1810,460
1986,3220
258,3895
1706,4636
4163,1400
3161,2501
3443,4771
2972,4483
1897,2804
3830,1725
914,3624
2224,3642
2639,3403
4147,405
2718,3330
2747,2862
3529,3756
3877,2422
2572,2839
2165,4650
3119,2128
3076,334
3306,3665
1486,3439
872,67
3257,2193
78,482
3668,3488
1263,4844
457,3461
4281,457
4147,4532
1712,2400
1472,59
1383,911
1849,122
2380,26
1529,595
1318,4887
4824,2005
965,353
1228,1516
3440,4761
3328,102
3315,4959
4091,2669
4228,4803
40,3475
219,1135
1961,584
4157,1621
4675,4088
4836,3486
2319,3584
2403,4338
1673,4139
3181,2462
1332,4256
784,61
3169,852
2103,500
814,3075
95,4242
204,3865
1621,2805
3423,4539
28,172
2179,3675
1795,2255
926,2477
2808,1375
1948,948
1623,3779
3644,3165
2022,4208
2171,195
1727,1964
647,2712
3316,3356
4277,3155
4379,3428
707,4969
253,1344
181,2262
3194,4107
1893,2689
330,2284
2,1671
2354,4826
91,2811
4243,1982
631,2068
1813,101
4348,2248
160,755
381,4306
4907,1216
3071,4119
431,44
4200,3573
3371,3572
4849,1554
1755,2635
2133,3487
527,2927
479,3028
4463,1675
2554,1412
2127,3449
2863,4555
3808,1636
2257,599
4529,2158
544,268
4620,2690
3126,1030
3429,1023
2042,2757
1489,3507
798,4493
3431,1433
2750,589
1375,3023
3746,4090
3859,2446
2283,4685
4212,2201
3713,272
883,719
1984,925
51,4360
1329,601
3809,913
2660,1320
4280,1178
2695,1749
1453,4137
3488,2139
3459,3677
4104,4000
1213,1115
2082,4508
618,2599
4635,709
78,3107
1928,3982
4156,3495
3244,1167
3036,1356
1272,3742
3375,883
3980,3639
4887,2473
3842,445
3376,4517
4514,2676
436,2200
3526,2535
3499,3434
433,521
3208,1784
2955,3514
1754,4049
4013,4489
2444,382
1541,2868
1992,3644
868,368
257,1284
4925,2931
3064,778
2932,3250
3800,3059
2145,3209
221,3030
404,2402
565,2527
3368,3445
4229,2469
2286,4384
4429,4391
3721,721
992,1515
1627,4564
4782,1780
3217,4199
1211,2803
4996,238
177,548
701,4202
3626,4300
291,3319
4887,563
4629,1613
732,4224
252,3323
4326,3381
4279,2955
636,4935
457,4653
692,1381
863,3037
3709,751
2041,3141
2542,3387
4349,4272
2805,4775
1823,4332
2617,360
1056,3200
257,4752
1927,1328
4283,1744
2789,986
3200,380
2778,495
1240,1946
4024,2694
2680,1039
2374,4674
4404,2982
3589,4090
1367,4952
3733,1674
1507,1186
1564,846
3810,400
1733,3141
3468,3477
1369,4717
3057,4117
3582,617
3782,2558
1125,2017
2302,411
4190,1238
1151,2277
3233,1146
1804,3687
601,4631
3601,92
197,4990
2434,454
650,958
2560,4781
966,4127
1528,293
4824,2968
3431,709
1109,1993
4042,3132
1821,2504
4658,2411
3049,4554
4625,4747
808,3640
4127,1233
3694,4417
1533,1457
3766,3650
3051,3788
4414,4240
4194,35
2495,1082
750,3185
3110,4032
1660,3132
2041,2555
1585,1408
2471,3120
3941,1077
4599,2946
4600,1150
2520,461
3667,4280
726,533
833,530
4826,3287
4072,2924
763,1516
3396,2408
2648,2794
3000,2554
2918,2401
4554,1224
3521,4750
4419,1689
576,1746
3432,798
4261,2697
13,641
3867,4838
4598,4289
3810,4321
3114,3529
4636,536
701,237
24,278
3490,1978
3912,777
2079,1669
497,905
452,696
708,3868
3810,2879
2013,3650
1421,2821
4501,4786
1560,2743
435,3870
2948,1856
1619,3963
2971,2411
4131,1886
2875,1002
4638,2468
530,711
2885,3484
2383,1522
268,1979
4412,1622
1743,4392
482,4833
1956,4604
4958,1631
3839,3626
894,4409
4622,3227
247,1453
1072,1834
4170,4155
2225,4696
3755,3154
28,1758
1201,2813
4441,2040
2059,4522
3034,2896
71,1562
785,3291
820,427
4290,3959
649,3322
381,3056
4257,1167
3644,1090
2283,1337
2699,4046
3533,1206
1311,2810
2928,897
2910,2326
1448,2046
1517,516
196,333
4108,1689
4896,3350
194,54
4346,158
2938,4276
4829,500
1378,2105
1043,1128
188,2509
3478,2008
815,2003
724,4039
2633,2512
4852,4878
4684,2451
4099,2985
974,2219
2756,673
2025,4358
4278,4074
3070,2014
3313,2100
3737,890
4905,430
3623,2194
1116,4526
3247,4386
4379,2322
3602,930
2393,4624
3287,764
4877,2959
2150,4797
2764,3602
1421,3098
2196,1966
1999,4756
122,1271
2003,799
3708,1543
4321,4537
4108,4725
2814,245
573,3534
2441,4985
3810,2699
271,1290
2553,3446
1023,846
1378,1921
3754,1583
545,627
2934,1981
2332,1572
1527,4597
2041,1839
721,2333
2774,3916
4905,690
1728,2983
3163,448
1967,424
294,2061
1308,4534
4542,807
1396,408
1615,4017
3991,948
11,392
2348,3888
1994,642
3608,3496
2820,4036
1768,3084
3760,699
191,4146
4644,4420
4741,3292
1862,2831
2850,4703
796,1380
4411,4448
2957,4848
1703,1840
4314,1756
1974,2173
2275,3314
1029,4530
1037,528
3398,592
1081,2188
1426,2308
1443,2105
1008,89
1917,4949
1557,1264
4272,1876
3904,3284
3977,1866
1869,3454
4152,1850
3739,165
4752,1628
160,4897
3687,3441
1686,179
984,1668
1368,1690
1273,4568
3067,1349
3809,2414
3459,151
104,4579
3746,2728
881,2594
28,3007
2848,1089
1082,525
4304,3099
3392,1248
1932,3810
2252,2804
3581,1445
484,2278
1983,289
1219,127
4234,3845
4216,4249
3722,3888
4969,1891
4874,3397
1575,4680
781,879
2682,4513
2535,2948
3567,4816
2918,2724
1820,1832
686,830
2004,1922
3335,2095
189,1653
941,4409
4470,3715
3647,475
4115,496
2549,3117
31,4091
696,4090
1477,355
3941,370
365,4322
4713,699
4313,56
4384,266
4144,1772
2446,4596
1538,2678
3978,4298
3789,2554
104,2941
291,1211
4508,481
4410,2058
2276,1004
3936,794
1140,484
4242,832
93,902
4628,1396
2,3454
2680,3325
2499,3148
1801,1248
745,579
453,4633
3746,3695
1427,1352
2092,4785
481,940
4974,407
2499,3986
2131,3657
465,3693
293,2356
2123,585
4669,2251
2104,4904
4021,3176
1537,1991
796,4778
4825,2997
3975,3295
1948,4307
3862,1904
3838,3583
117,2763
547,2313
757,3726
796,1222
1398,4587
4004,685
3738,2955
4068,2344
3992,2273
950,2555
2907,3022
3912,4130
882,4485
844,175
1300,217
2969,2014
4742,738
3689,3486
1916,2703
1365,3563
4176,526
1965,4278
2387,3044
2121,3639
4825,2143
1424,4419
2225,705
4596,2343
4073,4770
1482,1711
532,1682
315,1498
790,778
1953,1268
4634,2655
2769,4300
798,2782
3741,1273
2025,4948
4852,3524
3119,2016
837,3574
894,1711
2206,4080
2789,4249
1480,3906
3178,3355
629,1585
378,1525
2972,2329
985,1069
2632,2979
3043,217
4355,3259
3400,4801
3015,3496
1761,2586
1045,3597
690,4859
2409,4529
661,2661
432,3878
4750,3911
17,359
1334,2617
1826,4445
4418,1590
1834,842
527,2140
60,3962
701,1948
2789,2830
4085,959
4157,2966
4814,4375
4226,4614
3621,3019
2353,589
1085,3507
1531,4500
3458,1363
4930,4593
2033,3045
911,391
1096,1739
3863,2761
2702,3406
726,3566
4091,2003
4713,1303
1023,191
165,446
550,4227
3252,3663
3088,191
1783,4835
830,3946
4483,242
1287,3437
3598,302
563,2626
667,4847
1849,4363
3221,4724
1353,4205
3436,2195
4682,2071
1385,1452
935,2454
3439,4250
4071,455
286,3060
4414,4323
1869,1463
2854,4127
1303,3512
2240,834
3253,890
385,1626
389,2678
2072,3655
3425,3914
3824,1471
3785,3172
4488,165
4197,1190
3127,3159
1016,894
1547,1541
3664,3038
3408,2296
922,4152
2760,430
3210,2362
1716,1092
304,2452
577,2293
962,403
401,1031
4886,3703
1988,4153
3752,4201
2290,3636
3555,4176
4122,3168
2262,2311
4917,3555
1960,4796
3118,2813
1603,3193
1509,898
1037,3503
4174,1714
294,1384
428,71
4364,853
3122,1721
1175,601
4292,1350
1458,4366
4841,3151
298,3733
1891,3962
897,1931
3206,968
3407,99
1764,4623
349,973
2425,145
4639,32
3341,174
1882,4286
2818,4630
2554,4698
640,4959
1058,2128
3684,889
2408,2535
583,1086
1815,1947
3599,1664
4383,471
1470,4281
2079,2883
2413,2557
1831,1229
2632,3689
530,2136
755,1970
3990,2380
2669,4661
4682,1337
4410,805
1111,2184
4188,1160
702,153
2708,3779
964,385
4131,4685
1701,4634
2236,2477
1637,1483
4525,4295
1386,4674
2435,567
4566,67
532,3169
1684,4408
831,4126
466,4445
4224,4519
3059,943
2696,4584
3688,2891
700,209
2070,62
3631,4055
1592,1012
960,3053
4435,2715
3417,1632
3020,3148
2875,726
1611,2560
842,4765
3082,3085
634,342
2800,983
852,3150
240,4059
4798,4235
1718,593
4351,4767
185,3521
286,907
269,2884
4784,2885
1763,2872
2937,2924
1614,4059
648,1095
2524,3110
1125,2624
229,2479
2698,246
3150,4973
3683,164
1890,4579
1955,3843
3241,1051
320,4707
1979,3858
3208,4421
4162,4904
325,1685
3030,1867
3182,2282
3410,4151
4210,3875
2155,4888
1737,3621
4813,4277
4219,1100
2244,970
1602,4293
2629,3148
2577,4052
2806,1093
4283,4027
705,4495
2272,4644
3310,2035
1806,3612
4514,3115
4970,4117
567,1306
1016,1344
4106,2140
1536,3771
1051,3712
4479,2705
135,3812
1161,2477
3986,4126
3077,1431
2333,4622
1745,4043
2461,4761
2448,3924
3806,667
2243,3401
4729,4944
1252,1073
1019,4297
4562,4224
240,2187
1002,413
2047,134
545,2054
318,1863
2202,3959
2982,4605
1569,4898
4576,4718
4402,2009
1160,4636
4621,2121
984,2395
338,4822
3382,843
3142,3483
1047,1623
842,3723
1265,1885
1475,4398
3966,2711
2518,1840
2774,454
4223,1567
654,1576
751,3642
623,4489
3295,4790
1398,2071
1462,3443
2699,2169
2791,754
4601,1490
1112,2565
3194,3390
4158,2835
4031,2089
503,457
1179,821
4243,4261
844,3308
2126,1308
3490,3269
3720,3178
4356,4444
1405,4701
2013,3853
4848,457
4544,463
4507,469
4145,4280
1605,4412
978,4173
646,4272
2012,3036
3937,1795
2537,4100
1934,3387
2033,3893
3697,1324
2804,3018
1609,3136
4563,2216
1211,2905
1963,1238
610,1268
3527,1225
181,1221
2168,1159
2202,4262
687,1900
2133,4668
1365,2152
4172,228
2188,3652
1120,1028
980,1930
1042,1553
3193,2380
3719,1649
3130,2634
212,684
497,320
4547,1261
3763,2676
4362,2130
938,1746
806,1606
2293,1167
3898,2693
3748,3402
4594,798
4627,685
295,3801
2521,396
2675,3752
2589,887
4309,1494
4738,3078
4451,1252
4168,2933
2746,3099
3543,1563
3639,2072
1655,536
2566,3266
1461,2819
1070,2578
2324,4863
536,3192
4214,424
2405,3992
3295,3824
3480,1011
162,37
3219,549
4186,2370
2013,2473
943,1632
2806,1774
480,693
1027,293
4837,1010
4845,4797
1836,945
4028,4918
2997,4453
2817,4993
4817,4319
3072,2792
2422,1108
3439,4952
3368,1984
3265,3745
834,802
4638,81
2569,4724
3915,1213
2990,2509
4247,1909
3417,3506
359,2894
1620,2126
1464,1053
108,1570
1793,2641
428,1753
4409,3269
3070,2688
3679,2260
638,514
28,3808
1998,3276
169,184
575,1297
2477,1291
4570,4271
1519,2954
3842,2994
4331,2915
351,980
1959,1846
3210,3888
174,4282
4106,4234
2878,1702
1712,3169
4497,3482
1819,4539
377,4309
2244,1638
2681,1473
1855,59
3795,2647
1368,2691
2874,192
2601,871
29,4499
1632,2110
2054,2010
1947,69
3481,2464
3344,3553
2641,1065
2267,3889
925,3928
3850,42
121,1848
1783,467
2401,4588
4578,198
2085,3132
4311,2929
1494,3407
2312,2765
2930,3534
2284,619
4486,2632
2150,3909
4882,3881
3213,2772
814,3860
2273,3396
2573,2578
2646,93
1413,933
4150,1999
1755,1874
2281,4735
2583,1527
2506,2262
2890,4844
1764,3877
1979,2329
171,3193
4017,4024
1127,1922
1046,4341
1228,817
3926,4502
4246,821
3305,757
3336,1370
278,4600
2633,2336
3267,4845
3110,148
3251,1077
3403,2478
4537,1153
311,2813
1355,2310
1818,3698
72,4524
609,2946
573,771
2808,4280
2242,4683
805,4651
3956,3161
1392,500
3619,4773
3241,541
1846,76
574,4242
606,2634
3866,4777
3857,1876
1143,4824
3842,2962
1903,1757
2635,4708
3790,1828
2085,4176
1080,1867
1205,4151
2289,1140
3746,1221
719,2966
2537,2441
4906,3275
2883,318
1241,934
3884,724
1506,4511
1824,4390
2467,827
4053,1496
3339,490
3403,4044
1636,2322
2950,24
2788,4613
4029,3230
2949,407
4813,3778
3596,2089
418,4276
867,4977
4973,2346
1327,4523
1876,1356
4363,3478
2523,3347
4183,3231
2971,4726
2610,2820
4525,4599
2765,3065
1995,1738
220,2806
2181,3567
3614,977
434,1704
1301,226
214,4868
1052,3574
4210,2727
527,3870
1453,1370
3216,1311
4167,613
112,711
4528,3418
4122,2077
2619,4310
2554,4615
4971,2623
3445,4775
169,3306
1939,1578
3183,1319
2141,1893
315,2098
4313,3231
2407,3574
2074,387
4085,1758
2143,926
4334,3432
4150,2680
185,4003
397,821
4559,1941
2487,4913
2655,1440
744,3939
2311,126
3789,3150
1744,2420
1778,1066
1203,2977
1194,983
1191,856
2360,3209
823,2971
1785,4701
1706,2627
2429,2333
48,2729
4180,3370
238,3172
581,1629
2314,3758
1762,1831
4265,3755
1175,3247
4504,4073
408,2526
820,724
1779,41
3179,2876
316,4772
1904,3087
3321,3064
2998,1756
4410,1939
4333,3305
1795,4964
4145,3244
66,2462
3415,2530
1373,4638
3426,3726
1508,1429
444,2468
3756,956
2120,3246
274,4850
89,527
117,208
2635,39
2124,1276
3242,644
1117,2143
1989,4423
2777,4536
1946,3828
4326,4022
2753,671
2255,3202
3960,336
3854,2925
2440,4440
4548,3643
3260,2039
966,700
1416,319
1829,2366
2489,445
4865,2516
4905,1929
3269,4542
949,2678
3871,3545
2493,3065
3971,3461
4571,2983
184,2937
2994,1738
955,3330
3391,2447
2370,2538
4555,4438
3980,3887
3895,3267
1939,2380
918,316
4809,3830
2966,4379
3562,1173
4273,2597
150,1592
4399,3949
1864,282
2694,4869
3655,1814
2122,1201
395,694
1405,1240
1905,3083
3687,3422
698,679
7,1999
4724,175
214,1907
4218,873
1617,2183
2553,1353
4218,887
145,4568
2768,4747
1596,3927
4566,2267
752,4354
1249,3187
872,3155
1738,1174
708,4729
1818,33
1800,3610
3277,2791
4415,1925
2421,30
3235,1580
1435,3483
1133,2203
4265,1986
2668,619
4057,245
4778,2347
512,2344
2499,4845
2110,2634
1000,2730
1856,2591
2259,4922
3466,2840
2633,968
1762,3191
1423,4864
3282,1185
4319,3680
4535,3429
732,3965
1367,2838
43,3500
3615,3692
4008,1961
73,1918
489,1816
3682,3031
572,1419
136,1328
3453,1583
31,1623
3291,1165
801,2935
3372,943
4717,3662
4122,1337
2922,515
4928,4334
2209,193
545,1865
3569,1573
752,568
2540,4245
2240,89
4056,2518
1177,4300
4118,4061
1063,1910
4308,1769
549,1652
1967,1156
76,1219
75,1582
1712,1098
3390,4331
4642,2813
2671,3341
2828,2115
3474,503
1417,4677
1478,4834
4095,880
3833,1187
3238,1098
4648,3616
3277,4766
4985,3492
1399,1199
27,561
4736,2714
1709,354
4059,2137
3065,279
1376,4637
1713,3851
2105,2298
39,4584
3811,2188
2652,398
1768,3587
1610,4838
530,94
456,3672
2528,312
3978,4614
207,160
2456,973
338,3576
3716,1297
3289,581
525,1513
2585,4488
1886,2943
2167,1110
143,3485
4942,3613
1695,2927
636,4840
517,608
546,1907
4981,4981
2531,1003
1453,2379
4908,2722
2787,1489
3225,4923
4127,4047
3415,4031
571,4266
2798,1829
1417,566
4589,3366
4136,223
1148,668
1810,3936
4415,2061
742,3217
3550,846
1876,1860
2056,2652
1223,507
1319,4035
4921,892
3757,3368
946,764
1129,3905
645,4378
4749,231
517,422
2100,614
3346,2712
1848,4333
2304,214
162,4508
2939,2043
997,3328
3741,4935
100,651
4621,1867
751,4782
109,1427
876,3008
1510,2728
1955,2814
358,3081
4384,1555
4793,4815
193,2039
1829,4895
4449,2999
3728,2229
4809,3828
3328,1649
4004,489
2486,3862
3078,3596
3295,2396
510,65
2146,4039
2317,1747
4867,1359
2688,3603
2708,4649
4943,4014
165,267
3765,1316
2376,859
3872,2865
2385,1121
1912,2965
2358,83
273,2821
405,1382
4359,130
2018,2581
3025,1601
2080,2696
3908,4659
1180,246
3003,3374
1987,1819
4121,4642
3788,1142
349,1710
1534,4619
2284,171
4530,427
3090,4781
4848,2556
4775,596
1759,325
3262,4762
3656,4104
3578,714
1102,553
4802,1491
4533,3415
1908,3496
399,3743
3774,2827
912,1864
4030,4063
644,1516
4629,1609
4877,4309
3607,2980
289,570
3369,862
4916,3653
921,2958
4608,525
3768,3818
1203,2094
3997,2562
825,4108
1475,2415
4470,4748
3783,1363
4192,4115
637,3056
726,901
2357,2533
1075,3297
2734,1924
1531,3461
1835,116
2037,2580
495,2135
366,1480
768,2917
1787,3797
134,161
3711,1082
2819,3973
2514,3653
4396,4806
2715,3019
542,4684
1097,1590
2787,1674
1501,1556
154,286
2128,3705
3867,712
893,806
1320,4268
1066,3664
4118,2702
957,3645
1477,3439
3638,1627
346,3841
4377,2775
3934,2611
1168,4942
1031,971
4026,4984
1083,3684
1673,296
3711,4562
1366,2475
926,2043
4927,2340
3749,4759
2816,4480
3641,4862
725,2072
3926,1211
3853,1010
4716,518
1742,280
4054,3854
2570,1839
3248,4337
4082,62
4414,1064
3738,3704
1360,143
1895,1537
3422,1345
125,3903
4834,1776
4480,3071
1233,4756
1846,3359
2810,417
416,3019
4638,4601
4065,2927
296,2535
3689,4385
2264,3499
1757,4975
3128,4023
1019,4729
909,3885
3441,3993
1980,920
4700,255
1090,4908
3242,4382
214,1649
4516,1565
2854,108
2284,46
2212,1312
60,3159
2225,4395
4699,4100
1320,3393
4956,721
2540,4733
3131,2579
2885,2107
1319,1173
1525,794
306,802
3025,133
3150,298
479,3253
4663,1704
3120,1534
4573,834
1157,565
2727,2301
1435,3137
4478,3303
1939,2676
1120,531
1611,4129
1872,3254
4819,3966
1409,2351
383,1445
793,3985
936,3463
1002,2160
1109,4242
3943,2452
1984,1083
1789,1339
428,2454
4688,728
3114,263
2667,3908
4007,1968
2346,4143
3925,3042
3693,110
3726,1307
2299,409
1024,4661
600,1223
3779,3341
604,3954
3216,1916
575,2676
4168,3524
1542,2934
1677,944
2835,1870
4800,4419
2514,1879
3146,1446
94,4510
330,1790
4852,2675
3170,1272
2388,1197
1214,1613
2406,3467
1616,3168
3871,59
2492,2899
3129,3131
2370,362
4524,4112
4594,274
3471,744
256,439
1056,4358
4043,814
1692,4695
3713,2995
3996,3592
1565,2102
1026,1241
1836,595
689,2599
4922,3325
4743,2654
4713,4593
2043,900
1397,1095
2012,3703
164,2078
4502,3775
2230,1307
1260,892
2813,1098
1356,3388
2522,1125
1653,2328
4619,1256
1165,3485
818,670
985,72
1488,4141
3452,3888
2475,1775
3326,4885
4610,215
417,2303
1876,4910
2344,4376
3943,3642
815,2141
1583,43
3674,1194
4167,3698
4673,1141
3347,3453
919,2558
2646,1118
3864,1512
1160,2899
2475,3583
1,2938
4532,1270
3003,4111
4644,1497
4927,4018
4817,653
266,4133
2282,4658
1458,742
1362,2482
2461,4244
4892,431
3631,3248
2174,4070
4661,1456
2240,3970
3924,497
427,3003
2417,2747
1111,2127
2798,3838
1620,1145
1350,1379
1447,88
4022,2791
4162,2406
579,4518
2808,4526
1779,3360
2568,321
1917,850
1706,1840
4783,4410
4568,1607
4027,2815
704,2646
1814,2351
2504,262
1594,1250
79,4674
2831,4975
721,2279
2214,1566
1791,971
2133,1014
559,1189
3978,2455
3921,1540
957,1220
2872,3245
2524,2514
621,3831
967,4429
4426,1808
951,915
402,65
4476,3672
60,299
2128,2369
4944,671
1738,4820
4650,4085
1290,1741
1162,407
3786,3908
222,4791
2121,2035
4295,3579
2024,472
1027,2723
4208,3841
4872,611
1226,4607
3398,237
4737,223
4839,4474
4895,4199
3279,501
2406,4789
1981,4039
1994,4085
675,4153
2889,193
3527,646
118,2877
3329,3332
1755,3133
1816,1733
4078,910
4249,4431
3139,858
2355,326
700,412
1561,581
794,3571
1288,4080
3860,4240
2959,1284
3668,4880
1378,4244
2914,3429
4872,628
154,1003
3865,2894
4446,470
855,4535
4477,683
2946,1531
2740,2877
2622,4166
1025,713
1025,2256
2689,2647
1348,1615
4533,502
1074,461
2411,259
19,1474
2167,2315
102,4884
3087,2844
1693,803
267,4992
2831,3737
4530,2974
3301,2933
868,1045
3879,385
2306,3201
3608,4047
1943,4111
4975,1517
2530,3039
613,3862
59,2356
4138,4866
2673,2038
4069,3266
4581,3481
758,4721
926,4257
983,182
805,1423
4106,4962
187,3094
4818,3762
3090,3655
4479,653
3991,320
4941,4816
3037,2946
1580,2848
630,4809
4273,4614
2197,505
26,4522
303,652
979,1825
562,3979
4533,1622
3994,634
4025,2378
2176,2709
426,2492
2343,4478
4704,25
2095,4336
4624,4625
1061,4521
819,1784
2747,23
2605,2847
4624,3901
3850,54
3907,2243
4830,2341
2272,228
1701,4911
4709,3312
2137,1527
86,3259
2790,2508
954,3955
2979,775
3467,4377
4251,2935
2446,4069
4361,1780
1047,759
228,4621
2318,4820
1371,3261
933,3214
1630,4154
2954,1992
2282,3578
3196,3266
4379,2002
2556,886
4201,3742
871,992
1543,2639
302,1051
3064,1416
251,887
2876,4282
1595,661
3797,2019
1941,2375
4366,4549
4408,3503
2355,4451
2499,1739
4271,2006
1539,26
3848,2608
4084,1486
4029,3831
810,3600
2913,2330
954,176
4707,161
3435,4439
3845,3623
3888,1786
3177,3774
3386,4168
3204,3124
4391,3823
4084,4903
2717,2903
4605,467
275,3531
3741,1494
3314,4440
326,522
2657,4826
4048,3137
1131,4036
3250,1174
2149,4324
4264,3198
2906,1380
3448,2733
2235,1137
660,4213
2480,4454
4898,4430
1584,3483
3689,3774
1429,3257
3538,3092
4946,1870
1630,708
4491,3297
3915,3514
163,1526
1754,1404
452,3941
677,1791
3627,2755
3169,1088
1531,4228
294,1021
1095,680
3424,3950
649,4566
1165,1250
3567,2629
4822,1182
3856,2934
2915,202
4449,1387
3164,566
570,1108
3582,1678
4112,161
1495,3228
4795,2943
4813,1374
4607,3778
4387,4419
165,2368
1877,2005
1018,482
101,1098
4459,3792
1636,3552
816,3845
386,3457
232,4280
3045,3234
1338,1754
4004,1132
4599,4578
4592,3039
195,3312
3167,1912
675,2423
315,2664
2071,1124
1692,32
4962,2931
4065,2619
1195,3137
3026,3791
1369,1826
2229,344
3804,3709
1254,556
1798,1640
712,523
3145,2277
3782,648
1307,3980
3785,3408
4968,1881
1812,3758
3954,358
1507,4015
1320,4658
3097,4307
419,440
1381,1019
798,4789
3319,3257
4747,3725
3614,3829
1388,2957
4484,2798
4916,1532
4428,4526
3247,2492
218,317
642,540
2897,1382
1305,2324
2406,2145
3513,3510
2473,4014
3800,1984
3405,2466
2820,1957
3609,3722
2829,1415
783,3203
2068,3551
4031,4221
4092,3993
727,1300
3572,4372
3990,4565
897,573
1733,3695
2147,2675
354,3835
4159,4304
151,1083
411,1875
1813,1823
900,2921
1137,50
4924,4390
1275,1885
4576,2840
3948,4384
3041,2439
2821,4607
761,3161
3024,1099
2894,3603
4238,2470
621,1560
4965,2295
2430,2628
219,4193
1572,3578
4622,462
2175,3352
4321,1288
1745,713
3199,1966
3153,1917
582,1262
3777,3444
3388,374
383,2243
4515,2222
2804,3583
64,3392
278,786
3797,711
969,694
497,3205
1522,3167
69,4727
578,4962
3078,1133
1038,4433
2662,3879
3547,2827
2948,3768
2719,1376
4476,2647
3317,1904
2667,3429
4322,3164
4787,3873
1307,3007
4006,177
2433,2470
4878,2283
1978,59
3239,728
4524,398
852,1919
979,129
3237,3216
3639,425
2032,1819
4321,3167
4454,4339
313,3283
2411,3950
141,2792
918,2107
1094,1333
2359,3923
167,4531
3218,2793
3504,40
4547,1280
2317,4550
281,2209
4063,2140
3620,3875
3145,3879
3453,3758
3421,1786
1819,4813
3707,4059
2975,3181
4480,2089
348,4413
4684,2718
1701,3425
936,4518
3102,1850
1417,2407
3997,574
1479,4893
817,936
2264,1952
696,4087
3574,3086
3776,4143
4751,4131
1741,1549
3885,4129
2595,1728
689,918
746,3051
1786,2217
4563,1785
1113,4764
3803,109
330,1866
1783,4705
3421,579
3183,1095
4177,4089
454,1331
4035,4435
2507,2600
3000,4172
2738,4025
4637,4113
1302,3720
4639,2582
4701,4434
3496,4781
2068,18
2875,2322
2430,1883
2195,2701
2812,4839
536,4507
4015,113
2856,266
838,4136
1984,494
3784,4632
3583,750
2162,4514
3552,4632
893,2519
2731,1632
1487,1480
2221,4419
4624,1803
1739,4284
7,1713
2497,3612
4660,4406
3560,1499
18,89
1834,258
197,4387
3002,1384
633,3551
716,3231
979,1633
2152,764
1056,4197
838,2268
4551,4830
846,122
2209,2833
4085,4254
3781,4735
557,4299
3349,3696
3993,1491
4404,2003
3589,2457
4274,3292
2396,2082
4999,4050
3549,2386
1737,2737
2015,1604
1236,4164
3810,3867
1298,2319
400,60
3183,4103
4428,249
469,3731
1782,4856
129,4458
1971,3935
4008,3115
4500,3292
1915,2587
2580,1445
1142,249
4837,3287
488,3493
808,1576
1224,3673
2719,3095
3973,3623
1100,536
2018,4829
2067,2688
837,2988
765,4609
245,2806
1089,4511
3039,4412
1492,4935
2071,3754
239,1499
1031,1830
2795,3041
2276,2075
3882,2429
4588,4811
4534,533
2124,1108
2650,1281
2040,379
2195,3722
3360,2217
4047,2389
3564,4368
2854,2726
2430,3582
3648,4468
3345,4616
3769,2773
3274,3278
370,2854
3139,2031
4069,1102
4998,680
3282,475
2511,1692
3343,2837
1144,3580
4489,4685
1135,3660
270,4993
3241,1895
4782,3479
1039,939
688,122
397,411
3154,367
425,1782
268,248
3255,1898
880,3038
2005,2677
2253,2079
4786,11
3480,1165
2972,3212
2826,3667
4908,1053
3373,630
1115,2385
3830,4804
2754,4722
4783,712
2262,4809
4327,3726
4495,2693
3028,869
1441,4764
1853,2936
2575,4224
1774,3493
3825,86
2171,3947
3510,33
3911,1823
4481,4822
2060,3479
4577,1018
4164,1363
1288,83
2412,2748
1212,1381
3719,2698
2215,4324
493,198
268,2655
2253,2877
1724,4776
3106,1519
4259,3872
2066,1891
1446,2032
1691,1768
2307,2861
3682,307
45,3191
614,4294
2027,2542
1973,668
1447,4158
2584,3041
4111,4054
1899,1718
2281,3005
3989,787
4891,4698
1326,1328
2139,4551
1364,3703
928,1623
4424,2970
2432,3515
157,1584
53,3744
4304,1385
3320,986
860,3591
4819,3949
2896,2937
2635,4760
315,3321
124,1625
546,2597
2667,2928
2031,4744
1367,758
4511,2354
2101,4440
846,2598
3430,2757
389,836
3628,4503
2637,3687
336,4936
3705,2336
235,4877
