871,133,141
136,125,501
921,500,640
246,447,946
133,113,418
180,334,433
882,362,264
265,244,586
874,208,729
852,191,954
789,149,841
284,45,94
506,145,15
991,234,846
769,93,455
577,388,177
984,98,754
374,477,103
496,209,762
201,496,623
279,415,915
682,347,217
435,357,929
615,384,359
810,234,105
581,83,655
820,242,384
402,409,908
699,51,443
572,62,57
530,183,447
336,96,273
705,50,291
439,396,123
45,159,472
158,297,933
718,294,172
614,265,233
713,385,423
302,31,483
468,291,261
302,98,425
793,177,323
930,134,303
673,247,936
110,338,982
153,214,250
801,471,272
510,458,461
572,329,17
311,385,681
352,470,477
36,263,744
109,392,626
315,231,579
104,159,783
935,382,141
663,333,537
592,281,331
499,297,849
393,197,369
330,294,108
198,285,527
562,438,477
420,248,155
693,54,427
448,261,742
216,93,944
332,102,566
91,286,715
551,373,220
734,428,55
323,332,472
136,456,818
686,311,195
55,99,650
904,164,188
749,364,609
780,60,495
509,239,795
81,278,918
229,493,878
119,360,933
93,15,480
48,395,696
410,25,882
415,387,264
273,143,452
705,137,239
915,45,839
113,327,148
296,195,901
150,162,70
567,344,162
152,62,92
931,80,601
331,440,874
662,200,480
533,64,973
833,369,225
668,455,699
492,59,876
380,432,276
642,211,859
847,142,754
479,26,612
225,114,366
493,456,684
276,481,90
69,419,474
170,206,379
818,445,250
238,149,879
807,248,141
286,204,326
36,13,836
633,249,964
449,354,400
778,205,923
721,63,590
235,17,291
290,448,802
755,182,369
645,55,808
219,226,531
196,163,171
639,248,245
433,85,18
329,144,431
137,10,257
47,81,791
974,321,108
377,372,776
341,182,781
974,122,875
626,13,148
817,91,411
805,484,199
415,214,432
773,466,688
943,455,287
658,182,611
338,410,878
133,364,331
541,33,64
735,191,371
529,191,614
153,275,353
301,175,965
424,342,197
366,428,562
270,492,80
919,112,311
685,305,197
786,359,572
413,373,690
847,274,285
500,346,844
371,393,187
664,67,215
940,460,14
831,476,396
235,243,558
936,171,555
856,410,37
707,345,44
71,119,886
845,411,294
564,154,406
274,451,466
808,301,364
124,182,328
286,104,304
349,268,890
430,114,282
630,14,173
837,183,208
897,403,910
141,376,642
997,235,856
857,177,126
411,133,611
77,202,31
350,447,384
85,93,812
526,399,59
961,130,486
941,36,330
819,146,748
916,135,968
304,11,292
586,223,695
537,125,377
137,356,737
439,47,709
494,262,376
491,83,581
505,146,110
407,371,695
689,244,285
359,104,294
993,274,682
821,88,308
978,403,353
364,340,470
222,236,694
911,184,21
319,210,809
44,172,968
647,128,619
822,381,566
124,268,753
66,354,504
670,72,62
308,58,641
708,66,17
267,429,343
156,144,173
929,427,264
489,109,937
504,17,498
174,17,574
462,105,688
343,346,156
746,384,368
665,460,292
226,160,474
692,382,475
669,499,64
136,340,183
716,300,720
57,80,751
960,105,897
977,137,581
368,215,448
888,330,919
135,313,866
400,376,940
678,191,841
630,149,132
518,490,805
309,251,605
170,82,241
563,160,514
60,52,744
160,28,610
465,376,677
819,365,701
77,54,191
246,173,543
176,31,826
367,117,444
873,133,500
301,30,353
680,335,278
721,177,987
652,443,848
325,67,216
981,388,833
213,118,607
771,114,724
312,162,398
208,292,711
178,175,487
715,434,652
467,282,383
845,320,467
667,114,78
957,45,360
260,29,983
507,94,148
91,358,151
539,437,967
657,452,711
140,292,796
980,481,338
908,269,448
272,442,770
67,92,754
602,425,826
48,161,917
592,160,493
163,85,289
216,21,670
990,240,456
647,382,391
860,283,708
806,156,291
654,342,176
954,172,285
939,155,646
416,357,412
29,45,772
93,22,306
202,377,473
357,257,370
913,136,210
495,390,73
907,74,204
376,500,894
545,203,913
43,14,910
891,207,866
198,444,408
936,17,828
24,377,627
310,229,323
398,239,291
19,352,179
763,411,388
221,444,861
950,141,65
819,118,837
322,382,611
37,413,373
184,331,146
689,145,792
190,16,158
665,50,141
997,23,782
389,373,784
834,414,52
778,50,666
137,175,524
198,363,800
692,68,905
610,182,325
467,115,634
144,460,804
425,129,100
574,496,431
897,465,630
626,485,615
366,385,843
256,159,299
90,113,158
929,198,771
592,330,140
18,113,584
101,125,87
275,494,506
850,202,93
445,169,781
795,411,949
709,148,737
63,49,182
953,205,33
118,67,735
642,178,711
310,483,904
123,58,988
409,446,324
208,24,164
471,370,67
257,372,779
157,310,513
125,199,948
780,360,678
257,464,126
357,367,178
455,376,703
503,146,657
802,116,145
28,152,599
344,142,429
784,14,683
824,161,628
593,377,840
809,21,696
52,241,925
857,223,628
167,227,349
376,116,369
142,137,903
290,398,436
252,256,577
330,345,580
99,20,757
628,306,580
648,245,588
46,418,437
856,415,173
882,26,788
409,202,142
362,313,147
261,38,745
416,46,22
98,82,798
428,318,887
533,13,22
715,302,367
316,308,132
99,258,507
579,380,766
230,92,121
679,255,25
903,400,762
271,212,561
612,491,913
153,208,876
189,310,232
479,489,175
141,291,281
490,390,960
958,186,87
68,366,448
947,304,954
762,392,204
280,486,340
780,102,615
834,228,474
923,206,63
612,228,409
346,295,249
283,121,628
353,477,916
467,25,281
138,483,616
408,321,772
853,96,518
634,482,837
922,252,210
32,189,960
170,433,268
753,295,689
811,186,382
628,291,582
769,323,242
393,215,64
454,104,898
484,453,559
341,340,414
341,106,162
856,129,531
793,324,978
182,329,426
635,186,393
822,19,142
84,27,384
157,84,522
248,137,407
197,205,102
795,477,44
115,312,765
625,199,690
254,74,796
843,339,781
968,229,792
165,254,263
454,368,98
368,112,384
914,300,727
477,378,915
596,265,891
630,493,623
896,495,199
761,382,201
829,116,470
824,126,706
696,444,768
279,382,880
69,395,934
786,486,527
70,91,748
218,492,481
558,65,587
268,115,608
844,10,876
572,470,782
790,487,729
585,277,253
318,490,742
684,238,225
775,441,643
396,456,888
114,64,433
251,267,157
21,450,843
49,453,184
94,459,897
269,476,454
876,92,847
266,249,458
892,436,729
658,361,683
315,241,880
628,142,740
174,63,878
586,347,421
783,237,416
575,403,744
742,150,670
505,279,566
261,420,400
716,156,450
216,91,330
895,276,403
713,80,129
848,192,571
77,319,572
282,420,158
249,209,647
425,382,787
831,483,427
94,124,297
922,198,795
763,233,437
984,365,458
97,216,749
692,86,137
605,218,789
815,148,980
577,452,707
821,12,508
481,11,888
896,314,47
717,403,935
955,489,245
994,114,597
685,122,38
190,460,312
484,404,565
898,259,392
933,134,979
313,194,98
638,161,355
533,261,790
447,400,161
301,184,428
207,393,239
742,325,380
179,368,452
26,304,652
253,20,289
353,89,429
707,465,742
590,277,504
507,120,897
316,60,343
114,207,386
851,407,26
113,302,34
637,355,386
787,215,626
355,301,556
889,143,155
216,14,281
821,58,632
17,287,943
719,243,430
563,200,941
866,47,186
437,217,354
536,228,512
113,87,827
68,153,703
660,103,248
577,46,369
187,189,134
36,493,199
232,458,723
262,125,976
935,68,143
826,327,789
585,197,166
831,247,468
20,411,940
849,130,209
764,485,273
259,429,221
94,157,226
145,315,143
135,479,774
931,145,474
541,214,315
114,379,351
445,232,638
353,119,921
727,32,924
972,416,833
428,73,441
683,268,811
522,375,850
132,478,213
283,213,927
251,450,505
51,285,484
273,259,14
264,498,164
787,497,615
577,491,862
695,343,346
793,259,306
98,114,125
707,127,814
887,157,354
987,405,414
786,47,480
536,449,109
931,341,58
840,245,227
754,127,269
991,91,919
39,238,772
300,345,65
234,50,564
478,223,746
538,316,864
263,47,428
762,444,647
447,443,355
270,453,756
655,273,200
267,21,443
929,471,212
274,315,760
330,138,344
635,458,100
162,416,496
766,101,40
796,185,111
320,260,779
557,272,721
301,123,487
533,154,848
132,82,220
196,458,16
186,75,670
16,377,340
833,286,324
803,331,88
568,25,67
985,371,357
482,145,102
987,500,97
33,452,121
914,354,101
88,40,94
281,476,122
901,420,489
868,187,640
955,437,890
228,23,302
209,33,180
31,473,719
509,58,876
333,21,578
518,192,80
290,78,732
669,290,609
217,55,911
694,358,184
73,272,661
448,454,123
374,256,23
629,361,250
140,108,677
804,218,46
341,319,77
271,83,826
786,213,601
237,448,336
630,271,130
304,451,335
63,497,574
452,359,319
460,445,815
123,380,961
939,350,602
70,431,69
842,367,727
566,415,401
834,449,583
118,374,607
656,470,833
362,470,871
215,361,647
39,400,863
585,332,979
174,283,161
61,198,314
374,446,479
927,110,41
932,140,820
557,362,108
931,365,202
700,44,583
769,439,535
662,473,453
952,199,409
428,456,119
343,64,239
795,380,160
923,73,233
500,243,88
556,44,808
958,411,428
927,27,476
242,82,843
430,55,282
364,235,360
329,22,944
886,67,580
303,361,984
573,333,714
550,214,246
917,161,234
720,272,768
242,468,56
262,459,331
500,236,45
375,227,482
225,379,850
454,179,708
113,43,33
717,311,219
106,300,272
426,238,651
892,297,426
643,154,180
856,317,341
838,355,968
321,148,926
744,213,706
629,230,77
547,34,410
457,122,361
255,427,163
417,130,748
375,439,141
245,26,746
259,499,683
573,490,617
92,382,760
440,217,436
137,191,884
319,121,451
736,429,384
691,12,285
957,463,654
896,86,732
255,112,353
232,308,503
628,197,465
898,485,958
755,352,128
884,100,707
809,470,933
966,190,566
130,166,347
730,39,506
423,369,67
118,289,95
502,436,740
915,41,750
233,345,737
925,138,202
594,12,631
790,367,515
484,170,104
284,259,904
790,466,84
635,484,437
292,62,425
775,305,669
181,420,841
924,306,381
134,198,913
299,438,351
66,428,919
730,141,679
582,228,252
245,60,726
794,62,612
361,102,980
348,192,346
320,315,767
40,453,667
748,91,497
488,401,222
951,259,815
425,240,82
809,455,575
235,248,866
439,157,86
578,389,611
775,128,980
219,135,195
553,188,605
267,323,701
33,471,229
777,459,574
439,74,796
772,182,979
398,281,489
664,119,780
63,196,655
347,276,645
634,271,595
590,52,521
598,284,385
182,207,132
881,430,240
241,267,233
534,157,846
997,45,412
155,390,254
522,373,637
129,453,816
735,329,182
358,282,166
201,347,329
940,169,114
995,145,388
396,225,136
162,16,494
68,469,117
932,247,725
863,102,297
942,137,242
736,63,554
539,128,671
645,447,754
937,262,534
662,418,929
307,258,109
70,411,796
188,296,807
534,153,439
513,353,336
773,132,104
275,34,1000
784,319,329
81,155,452
656,169,964
412,243,683
501,221,444
753,285,527
813,83,817
83,420,210
372,493,702
129,179,333
76,165,219
701,461,350
924,15,214
578,94,562
224,69,686
267,71,957
955,243,342
308,412,339
642,468,569
540,356,652
125,460,982
527,331,262
738,180,396
152,480,560
991,322,631
660,33,775
707,335,905
213,103,454
76,243,881
958,284,494
872,412,630
949,443,56
97,331,67
614,158,479
12,440,800
209,414,482
256,151,721
279,315,150
176,67,775
864,251,480
209,338,784
206,30,987
196,33,979
841,92,326
164,169,451
34,96,567
388,364,1000
66,255,371
354,225,799
374,96,732
180,48,753
683,373,305
864,280,61
896,101,954
687,142,59
276,243,936
630,399,782
156,402,233
871,212,50
421,393,743
781,11,618
871,125,93
215,74,723
82,424,307
584,61,960
299,330,389
63,36,102
927,382,84
183,268,242
171,222,781
704,60,243
794,13,963
967,415,870
287,147,634
692,208,957
531,67,132
557,485,813
199,53,55
306,211,386
756,88,664
259,424,755
542,171,538
165,224,727
54,229,166
496,387,667
731,398,871
955,204,990
259,347,112
881,486,248
311,437,149
124,80,583
702,228,316
383,265,34
288,290,230
660,225,617
693,360,394
217,149,355
60,349,375
356,273,15
627,308,342
982,210,421
986,150,619
114,179,829
992,274,150
813,406,296
574,22,388
696,314,336
98,498,890
345,435,461
26,154,274
423,112,396
879,277,251
10,58,997
844,95,374
293,33,793
410,354,784
292,476,940
758,204,214
290,98,947
205,376,437
622,214,684
444,437,647
546,297,560
292,210,197
903,73,23
451,59,967
759,461,497
527,74,792
259,190,344
373,160,109
361,20,21
448,159,103
194,267,976
309,51,277
18,131,828
325,472,799
953,224,624
928,164,396
894,286,657
478,401,232
884,457,522
513,202,487
746,340,899
534,404,199
223,465,970
327,229,889
155,436,350
897,470,549
456,22,641
771,254,322
581,341,934
354,178,597
147,479,410
289,155,72
415,384,996
121,420,259
884,433,469
87,334,834
693,309,836
697,428,379
964,339,438
136,237,212
852,480,718
132,366,859
183,151,502
646,345,731
464,186,927
258,154,766
