62,730,515
200,866,873
178,157,551
345,467,567
855,488,420
885,278,278
708,847,288
408,983,684
699,311,663
442,980,981
642,573,406
212,552,807
654,454,889
935,562,586
83,556,13
790,654,924
425,916,613
733,448,476
949,508,0
453,808,650
831,688,234
370,906,941
860,252,984
851,100,948
944,91,688
301,285,552
576,15,449
533,315,415
629,64,56
12,4,992
146,580,315
117,495,67
921,384,23
456,103,912
810,240,556
374,368,136
980,480,802
938,891,648
906,60,745
97,320,101
757,49,81
40,419,256
716,666,761
117,125,734
92,824,252
275,742,304
205,386,330
892,932,653
938,60,743
486,214,127
365,763,223
616,512,707
693,511,932
641,975,920
598,446,192
980,506,516
723,745,780
574,549,680
523,641,510
887,884,898
795,814,211
675,398,539
314,771,99
65,768,161
784,465,712
719,663,193
700,569,141
14,308,630
833,679,744
141,165,850
829,746,894
90,583,319
957,312,116
122,663,593
284,695,343
655,750,735
539,602,766
125,171,995
419,862,853
72,549,451
381,317,424
619,4,663
124,823,625
482,147,703
528,73,531
236,318,632
936,427,732
126,668,30
897,687,789
740,132,941
693,176,884
660,175,277
484,436,818
657,802,716
644,45,107
492,690,675
272,960,523
109,435,161
1000,442,320
949,199,24
226,613,579
182,575,862
4,820,26
622,560,716
402,711,121
719,204,359
762,355,659
421,130,881
143,798,662
408,264,455
517,516,58
330,913,8
519,23,891
982,574,813
77,269,126
655,899,760
156,962,231
894,84,684
845,661,281
412,760,894
486,89,625
552,258,77
58,350,383
707,781,850
779,645,125
185,506,897
416,399,861
53,567,282
321,73,492
655,900,270
155,607,802
298,234,639
801,315,292
807,543,841
230,448,549
974,357,108
159,476,105
985,343,160
370,836,348
911,476,832
397,243,732
258,181,979
545,522,262
665,904,714
167,339,646
80,108,975
674,252,658
885,218,872
311,965,665
37,615,99
619,470,605
970,822,172
891,472,647
224,643,832
180,891,115
51,554,717
105,511,46
208,35,229
962,212,485
968,402,145
393,377,464
234,954,194
726,687,472
403,980,221
718,701,494
164,1,36
165,334,383
565,585,779
433,360,28
828,558,337
542,393,819
743,468,799
152,802,570
278,630,940
496,230,199
333,332,586
635,698,389
811,263,452
198,398,330
95,857,144
998,381,82
868,981,595
362,547,880
596,778,780
149,494,152
352,310,184
127,125,915
764,635,30
34,704,155
877,876,728
536,857,628
67,765,220
80,240,784
755,500,764
0,93,367
101,0,888
791,754,982
798,11,865
647,13,673
16,578,769
38,850,227
73,515,42
639,357,213
523,44,66
138,615,20
135,43,725
761,120,23
34,457,578
614,854,848
853,73,341
343,272,141
366,815,459
839,755,571
385,289,66
505,416,123
64,327,646
544,701,445
676,188,828
158,769,771
952,402,682
764,704,163
450,188,332
472,597,737
470,635,261
479,444,423
515,158,500
95,348,866
420,169,653
166,276,668
406,126,694
775,245,750
717,137,136
154,881,69
28,618,882
856,763,739
899,97,22
467,0,712
48,371,280
303,60,602
811,135,635
450,84,235
940,568,976
330,737,953
717,828,976
317,236,997
635,816,830
311,86,218
698,425,957
381,459,955
659,687,122
73,968,4
703,464,638
444,275,802
594,778,607
899,400,676
264,674,582
125,157,589
279,7,715
107,723,78
4,639,434
8,584,463
454,664,247
310,683,118
243,783,501
583,926,987
825,199,139
499,839,753
372,215,243
114,448,285
812,251,129
606,687,217
585,51,25
689,536,155
829,784,670
920,480,504
284,96,599
500,209,593
519,850,441
699,623,787
240,892,687
203,528,815
76,285,435
653,715,17
739,119,438
789,573,648
199,361,291
979,858,248
350,114,923
906,955,742
980,787,225
991,499,77
481,877,914
154,811,263
481,224,500
993,448,16
759,430,262
707,858,724
246,187,695
87,748,213
976,147,564
563,264,666
83,692,475
920,700,319
638,860,316
605,306,313
731,197,813
607,895,761
586,491,930
426,544,761
703,291,879
84,545,278
814,610,630
237,865,693
81,24,75
940,190,169
487,866,906
960,310,614
910,711,314
576,817,975
701,818,23
551,421,850
80,282,735
307,397,766
198,323,864
304,311,276
798,237,933
943,547,102
689,317,344
892,307,281
679,470,684
701,644,773
897,499,462
545,394,531
544,722,939
374,238,406
560,122,401
360,276,40
562,580,452
728,201,948
322,187,145
407,816,850
80,432,932
418,74,261
281,670,504
858,965,561
782,312,515
767,900,15
314,989,28
252,418,422
151,153,295
35,56,837
515,626,372
461,872,16
94,229,219
808,664,358
19,874,94
676,935,564
514,946,376
605,111,122
721,139,301
577,810,97
542,980,461
812,851,358
297,837,409
951,667,465
804,856,520
571,561,397
807,799,80
565,195,681
346,120,384
897,686,518
166,724,661
181,712,250
473,322,677
138,76,848
377,892,554
7,113,425
314,530,285
225,204,348
940,298,646
890,922,771
834,838,21
829,648,230
207,673,974
609,72,439
978,368,657
877,685,409
649,188,945
874,826,356
159,185,37
296,235,739
269,10,791
571,669,281
730,496,581
488,485,815
728,113,905
452,489,560
544,586,395
888,242,586
711,942,944
351,697,435
790,665,856
584,307,420
134,493,190
625,774,227
241,724,812
751,599,75
823,764,841
253,175,322
459,14,847
151,1,113
965,154,174
840,256,244
863,694,446
585,517,974
477,268,766
264,183,519
622,392,446
994,928,72
700,63,449
564,909,356
714,120,484
269,388,339
850,404,138
583,483,185
346,404,440
843,968,450
558,941,895
988,905,70
861,688,739
445,249,20
990,778,849
365,51,783
343,171,939
554,924,558
782,632,718
542,432,427
208,963,484
469,464,917
395,621,125
205,73,13
310,385,453
488,807,829
696,213,499
337,164,758
655,282,994
396,731,237
59,741,81
346,620,283
963,136,251
279,352,780
222,61,450
74,379,770
515,662,550
232,491,751
153,906,961
150,736,706
323,409,463
529,169,199
915,338,941
299,557,853
383,487,888
21,726,446
60,693,912
18,455,374
782,707,430
439,906,21
494,475,4
977,662,336
905,641,716
775,976,790
126,188,981
397,784,598
762,758,762
661,828,471
932,802,702
97,410,624
390,427,982
175,762,736
822,505,122
726,231,41
705,744,208
370,612,945
582,523,375
758,82,586
652,454,887
950,240,992
310,452,513
404,264,827
240,340,472
372,651,667
105,375,185
904,263,303
939,991,367
880,263,39
227,423,9
753,380,631
160,745,694
608,922,441
527,29,200
371,488,557
20,108,781
140,278,696
565,730,858
86,329,917
783,713,538
859,903,254
224,214,443
439,277,944
216,528,686
614,950,337
133,532,512
200,629,554
176,129,441
237,218,721
495,217,905
702,338,418
589,555,715
91,962,980
612,848,989
536,328,41
724,110,269
398,589,41
129,359,955
79,718,336
31,85,554
207,162,823
553,981,321
557,382,623
407,40,514
247,627,828
109,879,147
560,215,482
990,249,359
869,929,174
439,390,919
602,814,960
735,704,479
707,262,796
163,175,924
539,723,596
517,126,136
33,159,934
856,75,848
986,622,316
775,7,929
806,885,969
472,238,428
931,626,971
919,403,369
311,276,911
157,59,593
830,348,267
69,962,537
886,397,575
23,939,3
762,288,557
459,557,246
319,749,259
524,724,32
700,788,575
56,868,91
198,404,182
734,142,906
487,365,600
341,920,715
233,404,848
438,21,883
111,394,35
785,470,560
881,324,474
792,96,818
574,769,914
112,366,726
291,36,21
515,499,951
891,22,966
301,574,304
180,935,74
248,820,398
91,452,542
377,398,507
85,123,838
627,263,531
666,487,539
200,745,557
785,930,953
204,641,266
614,283,725
556,691,82
41,737,360
357,537,45
368,190,823
758,966,331
155,869,932
774,462,563
869,271,331
388,9,750
108,877,723
582,358,491
540,617,155
535,762,301
895,760,937
884,999,605
241,488,555
866,542,291
787,689,338
864,842,589
373,45,586
69,281,538
554,449,206
721,450,362
962,430,628
824,47,434
518,502,195
378,718,663
695,424,975
791,354,849
964,161,506
562,33,667
787,308,196
451,505,360
24,29,407
463,569,399
93,696,719
74,378,837
986,176,863
464,564,274
948,612,709
235,758,691
716,614,283
96,546,423
315,795,767
630,969,639
194,454,447
746,984,917
430,553,672
310,334,33
155,895,372
784,854,446
739,623,366
848,187,790
711,22,110
834,383,859
797,851,789
545,951,948
248,628,342
563,273,865
194,319,936
684,437,167
177,874,1000
345,710,486
113,786,701
756,416,493
365,671,993
699,715,356
16,915,74
806,293,62
810,768,655
423,892,570
939,609,823
862,766,756
212,56,778
246,618,143
250,439,658
500,330,233
899,732,585
828,893,380
570,183,34
363,973,241
114,719,362
835,441,214
466,462,929
594,409,207
347,923,300
431,903,920
35,376,328
540,352,99
888,343,468
862,325,227
729,793,557
524,454,760
208,574,346
235,568,167
399,321,518
141,323,279
653,535,752
773,296,675
381,942,27
724,540,215
297,272,146
472,452,375
122,996,913
880,611,663
136,964,976
857,875,287
254,245,789
385,248,322
257,969,293
251,839,640
123,492,147
149,43,119
932,446,446
426,174,543
462,638,170
953,787,774
758,10,977
229,473,830
796,16,95
665,801,966
664,271,830
221,986,98
389,264,284
316,245,78
399,839,189
940,169,402
864,649,212
83,378,271
605,103,875
53,766,742
61,421,989
295,477,248
906,345,493
786,859,882
343,12,161
611,671,287
551,134,681
739,376,388
433,873,916
895,58,204
17,569,849
88,908,384
736,184,697
679,366,59
486,660,323
879,254,397
174,286,119
525,229,0
990,794,239
922,899,89
637,977,274
483,796,536
568,88,140
521,124,688
932,109,517
39,237,841
682,55,3
566,134,841
774,661,271
873,413,226
258,507,681
83,423,462
887,640,860
131,216,203
663,196,710
511,185,106
406,721,18
631,325,675
201,531,157
360,685,761
698,123,486
466,223,449
335,24,562
21,273,894
144,593,475
353,981,451
861,613,912
813,409,864
802,709,692
506,566,563
464,351,977
115,962,419
555,873,745
516,138,112
837,343,858
853,901,89
351,721,157
361,226,452
973,346,526
76,18,879
101,454,854
750,714,127
115,893,986
29,590,524
927,398,740
636,446,361
112,836,628
919,246,568
430,875,260
932,990,956
820,984,462
313,68,653
525,953,833
810,541,992
743,548,20
667,468,216
568,104,799
84,918,634
765,10,813
833,605,439
328,21,583
920,133,357
15,884,116
162,820,710
58,491,901
836,864,630
176,496,687
949,199,477
148,685,34
602,510,628
666,296,631
178,515,460
930,822,840
262,560,458
727,528,809
552,654,191
948,414,15
364,251,787
153,868,606
363,460,251
3,639,354
269,422,708
137,466,382
467,33,678
720,940,488
726,41,735
120,321,946
299,326,784
784,987,395
649,166,671
578,763,897
931,285,640
669,544,201
314,101,683
473,146,270
912,585,454
68,88,682
950,141,762
964,922,292
373,144,966
15,649,855
50,852,893
876,877,362
13,254,297
523,663,662
931,124,857
394,36,68
567,591,371
509,225,183
778,156,629
57,359,972
634,805,832
650,105,600
968,811,185
605,823,51
901,212,208
139,919,9
251,143,208
45,773,95
208,357,580
714,494,329
443,942,795
661,352,501
803,966,967
127,526,152
653,455,345
140,372,302
607,302,500
841,183,511
434,422,835
330,977,353
912,779,641
142,705,60
544,736,178
351,610,922
608,995,735
807,422,949
261,277,283
140,982,335
19,252,91
392,688,352
938,763,117
513,143,819
606,722,293
801,91,914
337,590,12
680,227,175
91,557,942
729,663,176
953,698,975
781,761,434
518,235,855
924,312,406
575,690,117
151,327,379
220,14,483
753,144,302
484,724,646
109,260,842
71,827,875
803,676,386
243,126,755
146,98,693
392,248,348
849,676,240
109,399,82
106,982,313
340,74,9
868,213,624
478,688,883
815,971,883
807,966,32
72,769,213
842,285,908
490,420,421
228,560,413
354,681,498
105,695,357
406,335,325
21,915,667
555,46,247
277,210,465
353,853,390
480,599,218
566,659,807
224,64,562
855,222,762
306,392,153
817,398,214
998,964,491
341,549,651
561,971,556
747,603,802
441,11,299
961,45,48
256,828,620
810,900,267
8,220,446
123,170,150
510,515,421
715,539,112
722,307,354
718,762,245
563,505,988
729,836,68
452,446,446
690,42,663
42,389,624
561,447,881
418,801,10
312,791,233
756,822,490
986,590,498
765,127,547
736,826,891
626,885,202
84,206,211
807,548,100
117,732,60
746,419,157
834,968,603
403,213,196
502,544,313
340,804,712
64,582,581
710,966,338
664,596,979
834,831,132
92,849,685
939,174,933
796,454,880
543,490,379
488,73,866
769,949,582
763,804,61
906,855,890
604,304,711
866,597,377
196,829,297
847,145,212
997,595,258
907,940,344
766,870,747
955,62,819
510,535,63
143,874,249
913,651,302
506,356,922
101,266,382
688,230,647
889,6,368
762,343,588
310,112,350
33,815,155
771,968,845
371,131,714
55,892,359
364,567,351
848,359,26
866,662,726
597,515,67
954,428,784
525,343,498
421,800,867
664,224,248
350,164,690
5,322,999
250,907,394
697,37,85
234,534,882
192,1000,785
514,415,625
149,449,138
570,902,270
379,624,113
484,757,11
214,774,477
653,693,429
74,188,956
699,945,182
918,453,430
867,592,628
1000,805,462
502,92,647
621,96,382
929,952,291
509,54,30
478,277,801
980,46,25
258,180,61
357,969,438
763,560,714
327,136,694
584,368,147
75,434,43
551,733,100
766,720,711
804,908,85
169,445,551
645,330,374
366,142,0
457,100,12
496,264,400
889,502,422
810,783,707
35,555,20
845,840,708
695,586,105
427,281,354
614,952,694
410,406,989
337,888,407
116,173,570
242,296,494
150,388,389
296,73,204
803,31,665
258,343,1000
497,236,347
562,518,996
579,177,821
150,19,711
94,656,222
524,453,151
985,866,507
890,322,1
707,619,940
743,27,852
698,901,44
582,549,559
449,141,834
0,318,356
806,563,804
673,880,978
393,509,482
115,360,210
684,724,855
90,993,517
144,853,295
654,260,619
81,76,703
268,13,104
929,222,438
72,303,258
744,661,787
23,479,892
102,14,369
44,263,922
570,351,291
291,204,160
879,454,639
596,714,398
500,161,209
865,908,461
866,680,882
641,113,813
198,229,809
367,378,178
24,506,649
403,524,376
17,185,156
746,285,820
722,50,653
481,93,377
562,172,719
925,486,914
533,289,246
907,961,25
709,531,754
666,402,927
464,362,786
548,676,672
587,352,693
188,461,530
639,760,24
605,202,182
996,297,400
543,289,145
848,71,528
176,131,2
38,841,555
730,557,539
20,802,145
153,104,831
370,139,216
38,895,679
121,823,347
646,92,269
635,715,727
471,829,447
306,650,699
892,444,247
578,404,759
567,806,920
812,806,926
577,187,314
423,809,451
406,126,735
389,188,296
338,417,859
52,833,753
652,524,450
30,995,535
118,901,528
815,91,625
237,53,997
228,800,305
373,643,466
684,184,411
492,233,397
592,98,368
982,5,17
495,824,311
836,925,340
997,375,491
424,333,439
397,30,902
334,252,10
722,552,231
848,482,766
353,638,254
984,6,478
275,567,910
301,431,408
757,79,700
93,554,375
593,784,688
805,960,877
556,95,921
961,379,344
275,109,412
349,619,83
611,168,306
823,837,662
140,65,493
361,930,14
248,598,173
965,517,296
237,802,490
246,318,216
836,625,788
710,981,615
467,535,909
709,591,283
633,551,477
194,402,51
828,659,180
852,288,949
801,837,236
447,908,529
737,4,510
323,730,323
367,980,367
490,941,801
369,346,260
312,379,874
461,129,393
373,590,926
103,950,191
965,457,410
652,415,721
432,509,364
359,736,751
231,526,167
336,792,7
769,806,54
905,85,971
191,300,855
489,957,846
869,358,464
466,746,259
776,846,414
405,280,286
23,272,20
886,762,714
356,645,18
572,730,956
688,435,247
231,821,397
766,703,31
327,51,340
881,984,553
840,583,130
900,224,551
477,683,733
926,762,737
857,548,645
757,992,873
610,376,804
72,140,881
141,519,843
187,453,97
271,661,264
268,129,510
313,806,784
932,930,387
808,564,237
895,358,854
305,374,530
88,246,393
30,138,277
275,313,612
325,829,125
151,641,113
492,1000,391
121,324,475
799,320,957
326,673,17
301,635,525
413,927,31
442,149,847
692,293,921
37,559,856
227,312,678
36,181,964
412,562,766
185,665,394
722,0,132
145,708,128
264,17,763
271,199,941
432,629,93
784,479,520
464,852,371
81,307,438
591,414,969
127,950,309
796,168,484
458,595,849
46,949,231
263,93,204
11,757,12
979,548,182
912,991,817
13,531,402
817,139,962
227,265,493
956,381,151
947,361,724
707,37,923
155,129,285
482,944,876
529,927,998
554,117,977
118,476,701
513,575,335
427,269,157
634,579,689
78,223,965
487,792,80
535,711,542
508,554,354
308,567,559
893,66,501
509,712,307
238,6,472
511,523,47
58,456,474
599,586,495
689,962,13
80,805,264
273,299,812
347,917,799
90,266,417
712,940,480
520,475,719
507,548,597
921,31,212
55,650,461
786,768,290
369,854,65
929,923,988
223,298,942
273,291,69
344,765,776
440,843,893
585,659,118
649,121,601
469,865,412
521,102,579
442,443,462
485,346,540
924,595,144
738,802,756
746,38,570
42,944,634
999,170,667
816,981,101
657,171,941
544,923,256
42,560,168
589,113,262
953,558,613
729,289,4
528,383,295
814,462,870
73,707,903
837,666,853
18,292,302
151,949,749
378,184,15
599,98,775
150,569,488
367,878,454
659,950,406
506,5,372
276,476,87
298,495,620
619,254,97
31,406,718
4,522,996
704,758,707
936,750,259
761,74,168
713,702,823
471,24,358
318,133,470
620,111,266
350,959,438
704,260,511
486,976,410
966,54,840
258,286,638
535,870,543
246,982,286
827,968,663
645,43,988
623,84,603
611,86,790
649,461,786
359,352,536
11,629,851
827,22,851
491,432,922
900,91,898
982,756,220
546,257,356
216,258,899
40,240,561
215,272,547
552,610,952
120,129,971
253,704,371
988,182,538
556,500,404
873,951,528
117,28,780
819,280,141
710,720,427
645,339,726
206,558,243
289,773,792
285,142,269
837,730,74
145,2,938
716,741,903
122,712,90
813,145,206
701,897,308
852,55,863
78,467,138
89,121,761
28,849,653
524,908,235
983,125,486
876,906,77
630,102,563
957,992,31
402,129,697
962,776,631
732,110,677
306,767,871
741,65,147
443,685,295
691,54,774
705,409,389
536,266,641
240,78,86
13,453,311
293,525,879
434,555,166
977,602,492
344,844,692
748,207,765
332,239,489
524,763,613
494,110,931
354,828,780
572,763,981
403,699,956
657,152,57
761,855,202
791,407,279
642,496,558
827,923,203
307,472,234
295,429,268
197,97,411
884,262,302
247,45,666
826,700,626
338,963,519
55,371,718
647,641,156
735,111,165
640,35,457
26,267,149
103,204,43
490,22,342
758,779,774
273,265,282
825,536,872
633,14,481
900,150,174
897,434,506
606,546,799
324,490,56
31,586,672
403,618,497
883,360,784
325,914,600
591,430,557
383,530,867
572,652,949
929,170,704
916,477,907
926,187,161
14,155,532
832,223,59
209,776,658
162,594,109
263,829,559
311,52,527
419,823,21
359,919,93
458,888,921
935,886,1
752,60,860
159,455,795
942,500,978
46,83,902
196,799,79
259,279,319
894,591,57
717,662,189
463,938,572
343,196,266
419,341,815
687,698,442
118,711,26
134,490,705
938,329,171
942,357,217
715,463,62
395,191,535
469,624,295
606,261,286
199,565,379
70,170,825
585,474,208
641,503,567
344,904,727
136,387,524
549,363,541
463,977,66
192,805,471
681,866,775
998,547,762
779,672,965
427,47,513
275,462,699
97,95,233
425,817,492
495,55,598
50,221,606
474,84,551
988,209,344
413,912,181
113,707,9
12,722,514
733,989,281
991,200,932
873,520,472
64,340,935
455,505,544
569,543,159
951,599,823
919,528,413
152,772,72
36,748,190
617,50,50
107,88,393
610,662,444
424,842,367
358,806,694
414,355,532
503,863,357
204,990,112
793,590,502
355,945,187
358,163,822
710,727,800
965,100,712
340,18,740
587,813,511
197,971,715
372,739,342
957,361,719
917,580,167
510,831,799
113,81,138
801,520,162
978,406,4
773,735,689
501,684,766
245,373,852
422,546,274
570,802,450
12,856,788
458,44,302
987,751,222
691,852,393
878,849,815
714,665,3
840,557,211
971,501,903
734,501,379
588,297,755
774,870,842
77,502,70
707,706,221
349,31,254
761,701,969
565,979,806
227,333,804
833,420,576
111,679,482
663,417,705
593,595,583
496,595,13
539,320,621
248,898,625
998,238,74
139,853,542
532,270,749
205,515,904
768,98,188
637,501,603
815,318,794
743,28,474
526,940,273
441,130,362
450,143,677
941,802,615
803,50,22
48,72,684
348,504,766
627,539,96
558,824,782
630,511,854
658,824,909
593,54,925
207,132,656
601,356,557
231,190,132
427,679,620
50,644,615
164,158,367
321,616,843
97,806,55
517,427,805
895,709,957
209,541,278
406,114,192
543,904,76
101,458,338
28,366,827
465,3,459
248,220,109
272,515,659
918,899,952
37,670,907
732,36,906
879,148,987
493,324,757
938,837,932
878,362,531
578,625,898
576,712,491
357,330,6
468,780,201
170,265,573
842,809,841
602,173,727
917,396,718
690,272,523
212,45,162
896,801,835
648,298,16
789,944,1000
486,379,537
190,22,679
204,490,148
123,105,528
339,552,815
808,358,503
739,131,7
165,23,794
293,379,205
472,749,430
649,658,824
187,860,146
659,963,569
890,551,82
550,790,144
476,600,332
974,36,751
872,506,635
660,923,302
78,65,291
462,166,438
522,182,540
203,921,291
769,521,471
512,923,23
798,932,431
596,713,860
185,229,126
652,747,104
507,45,82
316,951,666
164,982,594
239,32,377
414,92,8
821,148,687
333,658,101
480,60,154
344,658,78
802,779,901
402,234,380
770,432,902
782,159,610
614,739,933
378,888,908
109,987,46
562,484,879
4,512,647
88,334,269
425,750,20
381,252,356
648,194,908
928,592,960
892,499,579
746,157,523
653,355,91
936,361,685
883,653,206
638,925,173
457,880,839
718,651,747
784,675,382
558,56,84
678,898,346
295,326,788
495,720,176
624,491,90
287,66,650
121,917,775
211,82,980
896,689,100
142,973,917
932,587,485
110,98,512
369,495,394
567,820,550
518,237,82
982,937,438
236,554,710
0,664,627
766,429,525
359,400,153
28,727,322
259,336,790
921,136,51
968,611,320
504,340,782
965,909,917
980,334,341
107,421,630
361,33,320
503,638,567
679,310,293
254,483,190
583,809,407
47,130,514
540,185,897
463,370,405
104,946,90
52,494,33
546,241,887
869,439,210
908,915,599
877,193,628
318,785,820
328,546,39
71,430,470
999,295,166
326,335,403
983,791,308
425,151,266
620,913,964
802,632,964
905,802,740
894,680,353
848,36,50
964,833,168
370,222,501
905,750,499
130,334,68
996,447,532
950,183,379
953,118,749
404,393,323
437,537,333
682,856,301
36,334,61
262,295,354
124,871,898
197,720,553
57,292,515
827,20,493
294,541,624
573,238,519
472,508,418
398,213,823
419,4,380
229,53,923
744,275,9
648,867,753
242,222,468
459,708,517
852,582,292
685,50,915
273,843,815
603,876,987
864,861,976
742,461,385
306,721,910
81,920,608
854,77,962
406,980,855
811,521,971
863,499,230
406,75,816
501,1000,928
222,298,584
306,117,602
897,859,26
319,339,699
86,224,139
163,658,961
93,783,288
766,308,571
125,632,482
692,162,745
210,895,177
493,159,410
529,573,910
720,13,749
63,145,276
485,581,104
900,62,191
265,150,675
186,337,992
875,753,653
204,775,121
882,982,208
578,315,552
555,86,644
282,359,453
64,701,825
756,152,803
861,710,362
559,202,999
531,296,235
182,376,341
412,396,55
939,698,532
643,469,552
405,459,481
498,603,103
885,763,746
569,643,731
610,817,716
440,437,270
249,34,668
720,677,382
82,596,967
756,993,130
580,123,333
387,482,21
368,207,202
763,325,244
457,482,817
757,103,396
725,296,842
859,848,479
445,313,975
723,553,315
153,790,361
199,498,299
980,820,844
976,712,156
985,228,450
920,621,914
733,304,618
745,425,451
840,954,958
159,55,80
155,939,26
638,533,300
790,784,856
634,859,230
507,678,197
819,28,936
178,345,797
98,713,488
938,343,845
874,124,777
18,622,708
961,737,95
517,81,970
51,864,113
283,123,133
357,910,171
357,902,902
382,407,136
355,833,109
137,995,734
950,832,9
290,5,926
414,686,17
953,892,568
2,42,29
536,111,685
699,6,9
244,661,604
688,378,613
606,566,850
188,3,105
465,452,941
969,45,39
75,120,226
536,806,567
312,109,863
682,230,466
885,212,198
874,591,315
582,310,108
150,700,777
25,587,189
494,67,482
401,749,524
646,75,549
967,84,589
791,675,52
443,580,153
627,168,366
613,890,808
690,791,854
368,16,195
390,954,996
270,714,782
5,897,129
34,870,61
10,620,117
311,209,50
616,670,905
335,864,725
435,341,896
96,251,920
609,780,35
158,451,66
50,933,89
473,580,485
771,861,626
989,18,67
492,936,603
953,285,908
440,299,497
39,187,219
347,348,505
29,544,879
909,667,537
500,574,899
730,73,760
881,593,360
290,584,472
865,149,167
517,807,902
749,313,650
809,850,975
593,481,900
581,637,792
954,887,698
977,373,783
176,242,829
29,563,465
61,203,391
761,312,647
630,839,809
253,114,641
631,259,709
698,673,222
625,676,532
815,278,90
219,471,812
795,689,318
993,629,983
658,878,676
614,702,16
94,719,316
359,40,183
160,771,544
237,77,537
340,322,959
216,972,953
510,788,398
423,59,407
639,642,881
622,771,66
682,246,121
534,108,615
537,258,768
566,320,627
716,999,146
199,980,640
810,56,562
200,12,506
584,236,764
824,859,128
76,932,4
544,678,633
766,425,189
487,848,576
187,937,67
964,431,508
859,713,49
575,127,37
604,472,588
315,542,177
786,109,440
620,186,382
619,521,969
390,819,138
17,296,157
766,791,145
19,226,975
204,412,734
665,857,180
67,194,484
28,405,608
179,782,827
596,300,138
130,734,468
142,448,289
841,479,924
116,79,40
882,421,873
976,341,902
466,780,896
973,306,822
864,307,397
861,735,827
353,908,800
496,11,6
882,734,245
886,664,433
32,96,333
391,656,4
359,20,968
666,90,804
193,351,751
987,838,338
887,773,390
427,32,659
156,685,560
486,436,334
797,58,885
227,148,712
677,343,735
171,15,254
380,548,560
497,471,970
143,758,174
730,802,65
530,21,593
459,259,967
506,305,55
906,231,848
63,435,623
476,770,471
603,992,911
4,897,709
987,752,459
906,387,595
620,638,152
201,612,190
654,684,561
409,904,548
551,759,524
182,811,684
66,306,601
586,166,519
248,52,460
654,684,521
82,687,379
22,488,670
918,718,403
565,909,300
394,778,563
894,598,640
801,155,772
882,856,350
292,590,240
482,409,726
800,224,805
22,349,763
812,395,597
118,377,328
64,883,675
304,807,774
383,571,801
811,951,37
144,171,858
271,263,263
774,112,697
110,36,939
122,431,525
957,376,346
382,662,550
133,652,757
243,966,731
550,490,993
997,441,210
832,201,956
301,753,97
237,375,183
893,749,775
375,772,830
854,670,340
772,748,722
455,51,479
713,308,235
910,673,180
71,835,158
526,642,545
556,69,796
833,628,95
628,42,655
41,554,135
322,344,585
415,861,372
278,950,218
656,876,468
203,187,949
864,918,770
754,669,832
905,644,390
875,298,512
399,771,889
18,276,629
624,650,222
769,662,378
346,941,283
349,919,728
413,737,602
396,70,685
256,209,758
748,914,995
261,681,194
544,562,551
493,818,38
328,80,641
119,980,569
359,887,419
286,64,101
865,720,620
573,890,359
372,202,943
230,494,410
627,527,625
999,365,433
312,409,580
409,758,338
200,619,870
271,97,590
362,934,305
194,354,493
10,998,151
69,942,841
913,626,522
441,55,971
516,617,610
594,980,852
177,184,901
688,381,964
591,850,382
127,143,263
191,347,566
722,209,899
666,880,748
413,643,847
328,418,180
686,89,223
404,75,975
698,434,819
630,782,711
579,326,582
389,355,898
780,599,266
537,579,916
493,244,739
315,314,619
673,172,299
154,185,180
823,444,41
227,831,950
742,702,742
967,851,764
780,223,656
219,602,305
967,33,225
227,272,39
943,310,615
148,335,903
488,862,941
867,268,199
755,263,564
85,724,33
351,743,280
760,225,671
653,720,957
40,510,63
240,673,934
817,403,517
980,556,969
778,332,757
126,675,172
986,295,211
206,113,151
969,440,494
213,725,751
207,313,836
881,983,623
992,288,668
149,409,797
416,577,848
568,513,847
131,928,454
139,187,465
519,134,270
391,881,20
651,3,286
649,257,286
577,913,703
468,485,48
616,80,871
204,653,554
175,113,593
685,807,743
298,405,953
776,178,496
496,280,332
765,877,918
193,425,928
766,869,764
868,972,752
564,737,967
782,926,157
300,883,879
988,436,929
326,519,92
202,895,551
448,179,838
674,413,329
656,864,755
305,171,326
687,707,120
260,839,600
462,55,627
948,828,99
734,811,654
160,88,761
297,242,122
536,634,230
298,971,120
18,963,678
448,138,581
285,660,221
721,97,605
888,270,86
852,309,212
381,342,96
777,76,301
371,210,319
324,312,675
281,525,942
428,456,596
927,128,913
389,760,243
112,455,50
172,749,124
428,394,906
382,846,19
867,193,53
140,58,842
598,645,924
15,603,70
637,53,285
122,336,531
563,891,557
170,817,281
355,244,415
858,998,393
312,487,974
899,937,626
107,575,109
748,729,401
696,704,701
49,107,59
871,146,53
184,917,126
504,258,110
921,511,733
594,18,958
12,374,650
381,796,468
491,875,638
815,987,959
193,591,267
813,194,877
733,824,999
589,746,722
853,819,827
887,53,581
632,19,956
388,950,486
328,348,465
235,764,717
13,852,284
951,446,792
68,443,235
260,990,919
335,55,12
274,2,587
872,607,687
971,527,65
105,785,870
621,86,430
190,582,147
697,982,9
120,643,313
135,401,830
133,566,886
491,420,388
233,786,899
523,258,147
492,830,846
586,938,565
816,492,491
210,209,531
687,119,941
828,928,403
31,478,762
471,339,343
840,195,296
789,793,164
782,509,762
694,211,654
264,137,346
231,613,109
570,1,154
36,323,762
799,769,742
218,892,168
659,416,986
101,688,947
483,249,496
291,118,0
944,423,668
891,376,832
425,730,284
752,161,971
272,142,683
544,200,30
31,468,767
870,845,764
369,580,150
485,665,505
171,351,270
283,962,288
386,52,839
993,567,400
896,337,184
287,677,872
283,183,236
60,536,635
357,30,765
646,0,965
692,981,516
61,196,989
101,864,863
104,484,929
89,951,128
470,168,569
453,402,464
511,740,759
833,856,164
628,496,150
884,331,279
63,41,980
685,771,758
385,812,803
638,870,253
535,201,372
949,257,771
867,354,478
76,821,270
858,772,643
368,60,320
74,629,743
926,679,193
605,484,982
39,747,395
572,33,662
945,511,349
896,560,804
352,731,732
389,855,894
726,298,663
537,116,566
653,706,233
576,960,374
613,697,639
294,233,406
191,537,911
441,809,616
37,131,210
846,653,819
815,809,66
412,603,569
217,428,857
646,758,464
957,590,344
78,336,378
624,666,900
150,812,47
909,449,863
739,137,332
113,260,22
654,23,647
604,67,323
118,466,684
169,358,854
98,187,455
217,480,369
6,732,841
219,304,752
291,208,270
949,714,110
849,978,875
559,102,822
182,74,223
182,544,52
853,662,124
238,102,534
127,814,407
973,686,712
39,135,813
436,34,852
774,357,91
548,330,828
700,134,553
802,640,559
91,720,776
20,942,450
655,827,201
731,761,506
110,303,332
150,903,657
731,158,787
617,691,548
772,250,350
716,239,912
381,513,680
831,666,132
999,256,670
267,183,856
490,310,739
653,88,976
152,846,201
51,289,777
144,606,127
422,654,138
140,48,4
80,163,620
210,958,888
288,484,513
180,291,671
194,496,178
755,964,449
445,958,573
30,465,929
29,989,442
643,49,6
382,143,75
290,398,771
589,20,578
334,177,102
313,659,212
409,212,778
111,954,455
612,332,2
972,974,210
488,255,694
44,794,430
186,425,611
372,164,55
919,814,621
616,558,209
962,477,631
195,286,699
982,535,195
270,831,817
145,926,788
627,188,43
359,299,812
573,838,609
788,10,125
999,526,590
69,476,734
833,111,545
481,459,511
108,438,64
377,782,933
507,992,922
505,277,69
409,923,571
174,33,347
157,762,504
823,202,414
484,535,306
967,819,259
214,73,610
73,611,788
792,159,421
125,385,813
98,571,381
998,14,968
435,715,471
552,931,100
204,39,314
4,599,384
958,726,372
810,32,430
206,105,446
28,719,883
898,971,45
873,195,765
917,929,223
210,876,721
277,374,465
648,126,169
431,727,333
615,785,403
901,691,880
567,90,52
69,283,240
511,370,355
213,300,804
586,942,222
83,138,45
577,186,567
684,143,732
169,450,783
867,944,485
377,783,596
754,656,844
773,785,149
1,790,943
694,776,105
401,765,297
710,366,603
480,139,628
260,376,127
166,89,711
174,233,949
897,557,984
82,598,10
388,113,63
765,74,943
845,270,676
360,185,894
982,635,5
809,199,25
940,121,832
24,81,934
241,254,877
510,96,256
394,0,823
195,92,975
157,601,973
377,684,897
191,36,1000
231,847,541
329,988,295
685,237,953
642,28,522
642,752,845
16,951,683
124,812,633
721,341,643
441,668,356
198,488,651
233,10,133
942,721,77
583,265,918
786,92,159
434,326,854
19,742,315
311,833,508
991,452,212
182,740,903
24,515,595
901,19,145
81,877,640
800,347,837
980,480,251
63,881,859
826,449,976
116,14,974
364,585,655
556,91,943
629,979,554
551,980,299
133,68,87
427,996,874
690,37,796
230,960,672
13,228,627
358,282,794
826,291,660
863,769,320
440,662,727
735,360,272
852,23,670
591,517,603
104,602,775
196,201,573
195,365,367
873,429,856
685,555,48
663,975,399
854,800,267
337,998,734
952,390,294
570,119,677
217,475,646
210,730,83
22,249,788
662,83,911
759,430,865
64,226,819
283,770,916
246,799,860
786,566,820
317,380,267
619,382,976
389,179,793
801,528,549
850,878,584
473,938,70
419,118,916
435,40,776
198,773,593
989,268,632
571,609,457
185,745,87
920,655,366
813,663,741
746,750,572
496,712,295
970,812,739
97,651,55
834,672,901
717,349,710
284,305,913
878,668,582
115,360,505
973,889,452
431,378,563
80,820,792
739,784,849
636,54,5
219,409,352
584,120,654
975,98,154
992,581,585
147,449,242
769,601,55
12,127,78
275,677,776
444,858,431
366,447,82
332,644,649
78,564,46
67,95,45
313,235,330
626,3,336
355,28,225
217,133,161
621,271,89
222,294,565
209,292,343
721,268,861
538,233,571
668,659,279
752,899,328
108,868,967
424,970,535
877,552,217
444,891,399
795,416,628
366,593,731
160,331,477
163,409,36
914,476,292
55,622,233
664,215,843
363,428,298
383,481,883
576,106,648
609,928,67
172,151,423
603,598,497
695,959,925
4,239,779
960,694,11
386,433,830
310,480,120
16,181,562
256,410,391
198,844,882
540,353,246
263,320,184
961,595,631
169,241,960
107,181,204
101,402,599
551,621,980
674,738,10
912,901,937
444,114,230
790,903,64
405,909,539
758,583,972
160,797,604
998,848,189
821,432,940
642,304,347
111,340,344
317,534,515
409,377,533
655,428,554
217,994,712
864,318,399
826,107,180
999,541,971
424,247,388
480,48,339
757,336,527
841,633,289
997,955,978
89,482,110
154,368,51
700,761,52
21,868,386
231,130,204
728,288,351
765,501,810
410,758,723
175,38,234
146,35,565
160,172,929
381,322,721
358,159,663
130,353,920
442,448,594
290,863,56
545,296,532
406,190,541
637,704,887
890,842,69
442,711,284
557,43,845
81,402,99
282,330,153
39,257,563
139,989,355
983,570,388
754,92,567
635,131,952
764,666,404
350,773,916
588,834,308
349,128,714
325,853,58
945,465,495
418,770,278
247,703,90
434,665,372
65,280,44
376,59,723
751,383,204
563,137,324
558,545,44
416,812,299
638,38,759
461,222,28
70,751,291
831,578,705
390,78,537
523,781,804
34,506,616
561,973,745
812,624,221
512,252,83
990,505,509
854,965,525
265,843,422
322,849,495
17,618,383
714,65,287
104,672,553
928,561,13
536,85,616
444,782,39
687,433,653
505,659,213
882,853,720
590,924,841
343,429,213
712,376,961
294,995,819
792,383,329
63,524,707
174,392,75
200,337,729
876,267,92
945,432,382
882,457,260
522,755,170
589,460,933
936,803,824
408,458,650
480,126,969
733,772,17
219,22,522
646,779,935
672,213,943
162,491,82
711,625,504
735,430,562
548,915,442
454,947,408
760,194,951
835,231,613
847,598,768
231,485,704
285,857,731
611,673,549
784,456,583
85,252,74
759,669,821
357,421,742
367,659,979
784,168,676
412,273,479
446,739,649
453,515,849
968,811,624
561,488,991
37,230,172
340,418,357
665,7,345
881,829,656
670,568,50
68,619,894
625,336,624
272,702,756
189,937,167
29,329,738
124,499,572
421,260,128
781,787,318
32,946,630
165,233,453
402,437,184
423,276,141
842,71,619
429,684,639
740,930,657
944,870,227
624,262,767
402,60,707
954,731,585
730,431,884
125,602,117
723,153,787
741,212,2
412,91,913
971,697,156
170,71,626
376,115,547
355,426,852
971,298,39
602,234,97
333,836,407
610,267,335
243,657,870
365,31,302
58,323,932
541,402,438
406,887,963
253,897,148
640,361,993
15,156,980
15,107,60
207,745,504
105,482,369
109,681,950
460,59,448
76,177,370
328,908,487
338,601,495
251,284,290
304,935,796
908,157,208
921,615,574
356,892,880
625,949,432
302,333,394
147,919,731
664,435,381
251,585,970
225,587,573
40,911,275
82,303,808
822,642,855
484,882,182
287,484,429
235,732,130
957,396,501
487,697,436
712,160,712
357,286,969
178,436,288
330,13,70
812,773,545
580,245,292
977,376,723
253,764,859
731,816,150
281,151,4
117,725,919
791,677,211
939,733,904
372,370,358
578,388,877
177,966,393
628,187,260
462,129,973
553,671,135
803,567,380
815,235,739
215,826,903
821,425,85
798,47,475
229,718,580
153,777,376
135,120,423
8,428,169
198,630,592
935,102,384
612,448,582
168,41,998
677,39,262
750,857,392
169,350,470
222,596,135
942,535,808
104,595,515
228,881,614
770,471,114
285,80,890
795,13,905
207,408,24
122,299,267
550,214,746
186,191,885
209,162,558
549,636,459
656,930,761
515,455,666
899,249,247
481,481,296
414,45,844
736,286,855
295,840,940
764,764,764
701,712,880
209,372,323
583,862,593
739,386,59
989,82,349
145,241,427
973,206,897
965,604,174
912,338,685
444,209,838
234,881,964
289,191,134
936,600,34
342,28,700
949,3,188
846,967,182
434,586,149
786,354,791
519,613,815
916,43,889
372,929,36
532,871,813
665,344,44
621,388,865
151,818,500
858,589,297
857,496,906
931,236,980
827,454,897
994,784,951
769,298,324
234,497,253
715,239,803
299,479,301
870,288,721
575,606,808
758,802,944
491,652,208
284,911,751
991,540,734
628,510,828
29,562,171
395,480,212
985,639,816
759,664,310
498,163,539
609,110,435
361,815,169
819,15,657
485,131,853
63,676,48
531,12,875
23,797,322
359,909,330
703,572,15
158,28,67
493,233,387
85,621,81
887,446,810
508,941,461
719,44,117
879,406,823
653,856,860
48,570,385
588,688,637
307,515,819
924,600,638
794,808,309
496,952,540
620,771,659
685,164,94
1,43,908
115,58,489
581,800,869
638,748,684
286,643,364
310,772,251
760,446,884
321,45,167
495,393,489
575,380,347
361,696,788
697,923,140
31,914,682
345,982,699
890,855,26
451,100,848
961,305,92
634,102,168
494,420,320
494,379,484
394,999,651
163,602,996
88,796,920
113,767,627
26,767,161
395,640,593
664,420,84
689,585,1000
34,661,653
383,39,535
573,147,721
82,1,153
811,176,102
510,221,6
573,267,146
620,174,732
169,890,498
407,772,1000
739,283,860
749,374,123
538,383,592
372,159,395
305,985,629
41,978,587
348,442,907
207,158,272
585,986,590
998,668,40
131,268,399
460,545,387
467,76,253
442,663,981
131,114,183
165,411,466
131,321,830
763,935,412
458,680,133
118,258,459
378,24,614
826,756,1000
633,992,913
572,729,719
968,809,92
444,887,669
296,586,676
913,166,451
175,999,72
306,995,120
180,531,371
283,157,835
306,80,89
640,952,301
588,731,454
257,336,993
357,982,379
302,702,579
48,331,246
30,559,34
898,926,742
756,524,327
75,150,373
35,336,212
656,674,386
754,97,265
747,544,507
665,496,118
202,146,88
917,594,778
750,290,823
446,394,972
500,177,300
630,124,518
633,833,984
227,746,485
827,884,742
276,465,143
594,191,122
652,683,163
167,936,48
16,999,631
333,292,759
790,907,531
802,291,376
718,768,641
861,736,887
230,907,914
677,500,817
976,256,835
607,182,355
617,806,77
994,500,471
757,478,854
329,377,557
342,718,815
276,391,523
224,686,359
636,206,134
143,674,480
951,922,24
178,909,331
452,902,320
733,810,786
626,183,411
782,763,45
247,303,655
613,432,352
833,875,559
766,32,919
852,200,257
387,379,255
320,461,697
555,785,44
852,931,644
235,904,204
873,191,750
408,439,958
618,1,537
107,149,512
347,662,80
925,12,6
210,736,358
251,539,455
78,63,137
177,924,365
890,239,597
30,163,353
154,177,461
589,193,975
895,840,767
561,23,886
802,866,588
581,483,104
718,100,552
204,726,794
312,852,914
794,244,655
999,442,515
735,91,401
16,615,955
656,785,369
740,259,711
153,658,290
800,667,265
230,85,192
357,81,242
101,466,0
383,428,34
986,625,997
391,976,300
457,54,297
407,656,633
937,825,60
115,10,750
39,355,480
769,7,626
834,561,382
984,335,819
57,663,435
343,362,405
828,220,422
626,251,732
134,17,559
241,937,357
247,205,11
986,271,128
348,384,569
171,113,298
981,248,232
76,675,672
963,830,269
877,568,647
629,271,13
999,23,845
158,128,607
46,408,108
282,853,749
294,364,793
474,22,963
36,932,413
136,452,435
535,111,175
262,656,831
509,219,233
350,181,201
989,873,589
432,213,246
880,217,821
100,376,729
501,434,269
532,900,170
295,811,922
595,635,927
820,848,112
720,462,367
170,859,362
414,555,825
925,700,704
348,345,881
623,675,765
788,769,76
541,383,100
356,409,668
101,807,100
474,667,747
944,825,996
522,603,457
408,200,448
687,345,593
361,471,987
456,305,769
552,912,564
716,203,636
26,103,493
159,438,261
612,812,321
398,740,905
998,471,445
300,141,65
964,402,719
385,954,471
869,126,442
389,948,889
585,333,717
497,772,88
45,325,730
256,897,176
810,15,528
438,375,34
645,593,555
580,350,768
979,677,807
32,293,148
787,388,791
400,729,250
776,78,957
300,821,354
717,557,308
74,80,234
890,208,556
207,320,860
140,608,942
407,261,648
837,479,311
170,899,304
374,462,246
979,545,369
147,43,455
974,55,323
394,44,276
562,834,483
940,572,643
985,781,411
416,594,752
391,411,660
670,246,47
421,671,185
792,517,934
44,199,436
353,76,86
679,39,69
726,250,274
327,151,871
904,627,934
854,426,593
958,958,624
233,914,417
949,219,368
941,875,119
732,264,870
109,301,870
314,758,225
792,691,277
270,299,897
274,426,347
49,913,685
595,439,547
707,615,232
30,890,207
734,756,27
931,884,971
154,415,831
283,798,520
60,160,349
831,654,116
445,537,529
828,543,102
329,380,254
233,309,278
182,690,118
197,530,139
863,785,542
122,528,80
552,387,230
952,952,922
778,426,879
965,718,9
882,296,156
167,867,244
98,984,998
151,64,369
96,643,116
959,256,11
772,160,968
150,106,566
404,438,26
1,796,151
406,353,49
537,294,549
438,129,448
362,812,36
340,781,502
563,729,541
899,914,331
407,31,285
683,428,972
778,991,852
491,104,70
457,804,502
270,15,971
127,336,827
342,557,325
362,116,436
534,546,234
620,580,953
623,426,592
867,817,768
678,352,539
366,594,616
753,423,578
110,92,999
72,885,327
845,675,461
16,648,814
248,717,727
312,225,347
811,800,229
500,472,540
498,778,216
35,59,166
12,363,462
318,918,826
188,913,488
637,20,198
452,76,300
566,483,425
966,841,813
184,92,888
840,573,553
911,42,258
139,933,938
170,801,906
856,458,669
93,650,711
36,219,272
804,26,525
898,310,720
180,573,903
550,941,11
584,716,496
773,431,484
394,245,792
202,792,284
972,326,605
582,42,252
966,757,926
64,42,976
992,707,418
445,764,472
294,848,908
54,277,346
915,378,834
510,312,5
112,796,164
404,846,262
752,776,148
474,783,253
930,506,435
993,419,556
91,219,813
383,46,264
278,754,404
421,955,275
447,263,729
913,606,0
477,822,375
445,199,404
316,743,994
645,538,687
237,519,532
964,622,852
9,128,924
836,654,572
522,340,110
430,428,699
455,545,551
585,326,369
523,316,321
75,818,355
801,658,994
275,745,653
58,260,635
32,197,655
421,677,720
608,558,297
501,261,950
272,610,961
259,91,708
103,314,423
77,944,41
566,193,471
966,837,659
820,372,550
667,152,841
702,724,79
395,871,776
202,435,215
318,854,1000
949,721,439
312,646,746
214,274,315
14,544,188
496,867,557
742,170,511
282,531,584
843,807,70
347,714,154
81,392,370
785,676,50
600,44,644
216,411,577
983,632,660
812,90,815
321,92,983
174,409,206
889,771,401
291,650,797
699,279,443
312,332,71
676,76,987
896,994,295
560,883,125
983,331,335
983,851,724
923,86,626
101,206,203
594,674,437
540,687,417
392,607,392
282,725,769
373,970,171
119,340,864
265,643,361
895,780,940
219,188,397
989,127,51
620,29,451
390,794,380
892,968,89
706,48,268
993,450,645
871,612,481
964,189,991
393,959,86
963,377,113
756,48,32
519,466,400
691,753,516
798,197,618
503,536,377
204,727,842
261,76,945
454,171,771
692,763,35
837,744,490
312,642,419
281,736,313
846,878,868
676,753,168
893,825,406
923,146,768
185,61,128
233,426,443
402,762,247
832,438,128
378,553,524
668,137,865
207,488,726
3,646,997
281,961,978
51,868,799
234,910,781
996,174,43
42,518,644
177,368,116
64,461,289
380,483,678
976,777,363
563,57,436
233,353,669
837,486,367
95,54,213
862,257,193
4,764,569
631,702,289
749,712,589
262,934,904
725,851,360
792,819,897
16,323,62
657,986,216
211,123,252
141,889,855
884,813,785
411,402,454
904,641,410
416,31,707
261,521,156
376,123,587
845,104,895
520,182,334
597,655,45
975,934,821
378,866,2
975,50,117
356,729,950
435,640,925
282,613,406
594,913,798
446,60,508
660,523,725
563,695,980
142,795,896
443,822,952
222,495,655
5,902,665
274,346,2
169,801,610
609,372,371
598,333,863
8,540,392
601,623,660
318,680,743
589,602,144
73,399,237
874,447,762
807,225,117
591,364,378
564,527,867
24,367,715
641,242,917
57,162,841
96,49,582
730,298,644
246,467,97
485,279,36
214,594,778
106,748,360
35,103,652
626,794,393
503,573,791
764,882,204
510,821,932
893,256,205
683,70,321
699,598,280
97,276,386
605,98,897
108,442,989
295,262,718
808,364,860
820,743,1000
616,166,371
869,498,175
687,255,889
630,251,729
275,499,823
167,377,268
984,633,114
159,287,304
92,23,179
297,375,955
981,625,339
540,229,845
343,658,392
605,72,611
392,702,446
1,364,93
329,340,328
389,388,760
900,654,291
36,743,302
527,542,611
767,679,291
630,527,24
666,542,458
300,534,26
440,895,123
874,834,216
798,666,447
412,934,919
363,257,630
812,29,590
640,965,830
651,958,368
300,697,71
801,659,116
921,833,883
725,658,528
713,994,362
324,440,431
235,302,137
167,938,968
973,614,752
235,900,490
358,10,812
446,92,679
676,584,168
619,913,358
574,725,889
739,982,612
348,863,917
910,611,0
284,414,841
797,80,285
129,177,914
465,0,580
405,975,379
152,973,27
898,452,590
329,898,53
82,426,782
818,34,28
933,960,389
821,266,439
961,652,864
432,150,82
551,225,556
160,125,674
855,87,53
929,654,551
133,874,732
425,536,445
781,623,231
488,219,939
578,121,560
564,539,729
717,461,178
398,987,951
291,496,805
447,287,918
678,862,685
689,866,677
856,725,552
844,754,832
441,114,963
466,90,988
36,668,465
249,180,803
733,373,456
927,60,625
315,915,788
231,98,443
867,962,850
322,606,477
453,801,333
83,182,722
401,938,817
574,471,782
191,796,361
767,426,121
426,852,427
773,558,407
824,606,883
788,629,692
334,1,102
168,342,867
292,675,444
652,162,155
638,265,888
282,439,710
209,140,74
574,593,225
889,402,47
941,229,289
691,872,637
519,939,751
833,403,262
393,250,698
372,372,807
526,728,104
689,988,610
647,445,530
654,801,339
557,331,219
773,415,113
204,891,291
434,830,550
476,500,662
175,287,849
979,26,698
351,167,945
446,441,82
686,644,129
127,841,195
539,51,892
191,471,797
744,78,542
415,367,405
954,74,887
696,723,74
119,701,412
732,97,192
856,137,790
524,666,578
722,943,501
565,747,896
1,445,834
400,841,197
526,477,793
975,310,802
500,930,629
799,668,658
909,365,623
579,461,378
532,356,617
663,476,157
139,995,869
846,834,6
41,13,132
743,876,207
821,107,328
475,323,382
649,7,569
380,794,63
679,956,789
478,72,456
293,974,648
133,956,977
804,752,870
530,383,504
702,708,14
375,660,183
983,653,629
419,936,531
217,701,168
423,86,941
190,478,256
279,528,783
195,44,728
469,537,524
479,384,496
85,967,79
887,910,914
480,923,502
426,807,240
211,809,621
72,550,86
169,975,500
760,500,566
6,632,944
483,512,23
110,948,391
480,268,724
418,238,244
477,724,330
485,246,915
683,860,582
331,988,699
6,465,626
614,956,637
365,334,398
316,429,993
913,769,519
926,371,651
728,346,144
799,388,10
765,126,762
916,840,524
558,749,182
967,718,413
787,461,713
511,173,963
103,560,246
195,474,577
849,52,808
816,771,993
672,983,69
906,466,234
292,21,99
915,119,933
800,988,425
613,97,40
249,82,404
906,53,695
677,602,147
668,533,67
961,713,40
259,304,377
138,627,703
127,425,820
548,864,883
208,646,911
779,601,194
491,606,28
457,194,196
301,476,800
388,463,278
789,361,996
760,418,1000
256,359,746
203,771,560
941,942,157
1,467,746
633,637,457
322,763,693
641,232,872
430,355,670
610,570,442
18,617,778
137,379,716
778,159,404
465,679,595
328,627,916
165,530,968
338,518,7
627,185,169
732,694,981
402,973,541
345,639,866
123,36,922
314,736,603
332,397,272
220,811,335
667,485,409
676,34,155
760,205,420
196,946,898
211,692,440
193,975,798
971,282,660
76,920,91
691,491,863
442,908,881
562,653,553
744,408,743
13,169,594
846,297,467
1000,773,853
103,936,363
677,233,289
106,342,152
2,836,457
33,809,176
115,664,397
449,466,60
912,20,506
2,345,507
434,510,771
81,76,430
805,955,817
613,396,125
187,310,370
46,930,427
459,494,124
884,348,946
735,780,7
993,268,228
873,652,282
864,625,271
929,241,907
153,572,804
515,695,226
66,310,471
120,423,85
454,607,94
302,381,273
362,582,410
0,718,141
723,630,601
467,700,389
810,572,776
230,642,880
187,945,784
201,85,72
910,230,327
381,677,716
433,956,815
677,730,810
714,71,632
640,593,60
544,709,267
589,858,858
486,896,370
34,503,810
63,593,156
1,989,249
102,665,299
284,460,881
276,639,706
127,283,43
412,706,80
491,367,613
340,11,650
801,484,134
629,488,861
807,645,458
273,672,852
834,428,231
15,579,638
98,316,148
268,762,370
691,290,66
554,295,903
767,244,670
207,52,839
951,495,491
956,669,325
122,109,454
363,1000,152
83,312,668
518,896,914
35,578,691
99,155,980
197,583,373
136,289,424
655,955,75
160,407,294
384,846,833
766,121,375
323,600,33
872,337,562
876,953,894
763,320,49
435,847,986
932,285,437
542,695,88
517,719,549
995,295,53
476,578,381
514,85,885
74,488,898
20,151,224
489,350,434
853,820,27
903,26,301
117,82,326
764,398,314
860,58,345
148,641,826
956,49,116
493,142,349
766,924,948
225,121,894
736,297,112
441,349,67
762,423,501
932,692,105
902,927,109
727,234,317
978,903,992
998,368,416
55,505,827
822,376,121
839,587,466
809,307,168
804,258,984
474,159,876
754,17,37
927,195,28
434,374,40
276,156,589
297,342,625
901,663,140
959,185,971
985,578,736
895,636,803
634,711,875
614,419,316
907,999,383
786,149,103
308,667,507
752,479,990
692,776,213
461,849,42
791,360,297
413,962,365
741,291,546
902,816,132
198,956,57
127,832,989
219,944,216
725,790,869
97,412,393
775,354,119
320,821,968
338,298,297
609,411,210
149,87,763
901,999,611
357,681,699
39,508,782
272,915,144
716,971,659
43,476,113
134,0,550
541,178,257
901,776,983
70,239,61
31,811,27
154,471,409
955,165,490
519,367,44
98,782,433
806,513,585
961,991,476
305,516,653
591,93,26
521,20,993
819,899,774
278,975,100
543,611,444
320,41,766
923,77,411
109,922,100
112,610,699
759,888,9
744,209,736
879,788,173
68,291,719
29,574,936
419,56,581
686,281,611
305,649,940
218,930,436
653,880,327
556,609,534
116,609,285
939,560,682
430,778,865
850,463,255
822,861,66
917,8,215
130,975,835
676,56,608
625,811,237
564,594,981
212,136,768
447,316,761
675,937,869
965,410,542
436,242,991
510,263,486
47,909,910
26,807,729
253,383,828
126,698,251
697,497,695
13,731,741
51,499,586
710,76,669
918,998,669
407,712,13
456,657,200
218,124,500
261,818,79
102,888,565
681,854,344
340,963,1000
385,239,646
336,270,878
375,834,952
899,16,762
358,552,326
241,166,457
425,726,331
307,342,958
418,61,993
704,958,41
296,127,468
140,131,816
914,279,740
339,575,67
822,380,237
927,764,590
536,110,735
766,262,949
104,464,270
886,646,590
985,540,541
129,812,910
24,541,906
136,596,444
414,856,350
334,939,256
730,880,258
265,617,229
519,75,367
744,210,681
409,885,606
352,303,268
723,206,68
777,922,931
466,360,126
107,353,963
598,65,767
170,565,236
36,878,379
461,811,155
631,991,975
485,950,285
697,258,254
663,752,870
675,741,660
885,520,801
392,129,184
96,405,82
837,493,628
260,630,998
723,622,798
378,468,644
68,435,935
401,528,144
716,397,417
994,114,40
161,661,663
617,916,774
681,647,597
476,524,125
401,343,29
276,775,558
823,879,50
875,656,357
355,321,458
618,953,388
931,152,311
663,374,742
256,721,356
682,487,258
137,817,883
390,920,715
117,33,76
770,88,966
722,3,538
108,859,403
955,979,45
149,7,266
301,125,175
604,991,50
612,189,765
656,622,736
415,572,200
149,345,451
883,487,981
670,841,528
891,144,96
247,112,109
163,828,940
208,540,81
17,110,160
212,466,226
618,180,547
448,942,731
185,877,119
9,489,801
141,661,637
254,25,453
333,808,559
43,905,943
970,130,833
35,853,561
994,614,786
121,4,964
359,808,439
514,465,325
65,370,492
367,365,569
597,997,738
880,203,31
36,955,946
209,101,307
869,375,159
869,291,278
26,269,576
948,556,260
408,680,803
765,906,869
997,488,898
797,720,439
366,301,683
396,175,777
434,805,855
483,320,957
755,268,715
865,898,978
80,427,314
251,96,66
926,506,824
118,210,467
389,326,716
597,489,202
562,948,717
384,257,955
279,504,862
159,169,530
835,253,646
973,441,779
322,110,70
702,942,707
75,81,601
925,528,421
962,927,653
752,709,757
626,105,534
330,200,249
932,619,436
865,524,947
464,421,862
156,539,189
365,484,741
291,747,728
952,241,752
960,270,545
483,849,166
124,860,922
189,971,639
789,812,92
280,440,351
729,273,23
719,736,300
720,787,694
35,867,483
832,847,334
462,896,490
719,325,356
225,656,305
232,968,315
306,812,641
471,585,871
267,692,826
759,439,819
968,333,761
368,799,562
225,115,802
253,974,608
748,705,399
551,634,463
739,89,884
469,336,531
967,140,603
587,885,144
786,623,412
466,696,477
511,746,500
158,234,349
701,91,965
16,981,627
193,197,811
391,110,459
641,3,951
505,255,963
70,472,40
588,585,197
792,157,888
719,69,122
366,657,995
858,138,207
450,919,238
70,885,313
337,605,157
56,298,560
39,391,196
91,578,667
376,49,997
158,40,253
334,289,372
131,165,991
736,543,557
981,504,652
922,580,698
652,216,995
597,426,392
309,368,651
905,253,742
474,536,853
987,54,559
559,16,83
236,391,249
935,386,444
729,603,831
806,434,889
602,817,22
989,651,975
478,584,84
855,844,466
284,719,915
183,273,881
526,826,289
797,934,817
298,245,863
271,29,112
890,347,882
607,90,965
83,872,926
225,827,107
827,527,50
309,514,487
935,316,675
565,877,921
117,57,14
759,902,878
733,799,936
112,175,411
597,494,130
795,761,501
745,847,888
522,414,3
778,272,958
688,277,142
142,858,463
7,79,984
937,4,454
926,13,996
789,743,495
45,423,469
640,232,416
519,149,914
575,945,871
398,538,21
578,267,482
946,442,32
529,810,882
723,331,22
866,387,297
67,122,5
689,131,649
4,442,552
490,346,276
329,919,306
150,387,351
362,445,754
454,595,260
855,87,912
139,654,639
125,670,356
125,595,920
577,237,95
421,109,201
720,423,707
116,141,751
337,481,493
414,856,450
376,852,306
72,533,791
127,336,858
995,59,851
277,180,79
150,155,198
761,580,197
333,446,280
477,556,949
514,272,734
446,692,751
630,318,264
254,254,156
688,706,975
886,128,976
980,911,346
747,708,575
128,79,0
129,891,647
863,277,437
3,625,395
841,723,110
481,507,848
993,369,206
409,891,501
838,583,616
50,314,175
308,963,548
633,128,884
701,693,717
742,628,516
123,257,169
691,627,360
640,727,602
357,132,197
148,226,718
569,297,604
841,577,639
851,146,244
62,91,687
386,757,521
464,361,972
509,543,520
641,968,428
841,127,345
813,190,390
787,561,146
961,756,889
807,899,424
272,14,120
164,20,527
394,737,499
348,756,724
912,526,192
159,320,391
40,290,838
966,36,659
922,832,220
12,793,128
657,9,530
619,519,726
199,499,241
693,399,668
719,239,358
142,21,230
427,293,280
52,614,451
552,323,534
295,128,105
698,245,927
204,802,430
815,496,379
666,24,409
536,38,870
97,988,801
615,846,488
893,7,749
300,755,746
829,754,261
19,270,172
736,678,404
136,415,141
437,230,84
192,74,554
958,106,971
340,786,172
776,269,734
142,614,881
632,612,997
972,925,102
301,422,866
836,923,510
902,917,970
49,873,969
872,292,54
510,554,301
948,17,358
449,712,223
338,233,205
390,761,291
809,538,788
742,629,920
653,501,326
361,34,903
369,999,969
129,248,512
394,897,832
282,697,387
441,375,167
343,279,524
570,497,172
687,386,889
12,785,331
447,893,444
0,488,17
905,858,781
443,752,374
626,409,903
872,767,854
301,551,133
681,64,306
216,832,335
777,406,469
105,27,63
153,394,382
109,337,623
435,572,573
801,140,515
218,715,208
409,765,84
353,746,678
113,937,355
310,910,334
549,906,859
711,195,466
251,397,621
21,988,97
828,295,396
698,966,467
551,472,504
417,521,856
78,805,225
320,909,122
825,652,25
594,781,13
705,803,734
260,967,398
915,391,718
165,558,312
833,153,499
917,929,688
140,578,550
266,333,734
725,104,340
857,666,367
998,327,472
111,563,867
143,951,694
157,319,796
246,206,173
481,756,405
31,589,793
452,917,765
756,456,537
136,880,216
857,110,457
899,773,178
550,45,747
439,123,637
444,991,731
861,432,7
445,321,850
983,818,702
582,714,238
867,248,508
187,557,5
298,653,631
317,279,365
228,960,661
196,719,545
762,490,773
715,405,38
889,369,403
508,98,751
679,44,822
913,88,844
683,277,222
17,564,624
421,442,599
101,976,675
131,903,369
411,716,691
648,849,485
90,146,347
419,145,494
849,196,470
400,247,635
986,65,242
546,502,722
516,934,778
800,274,178
555,851,949
792,617,668
728,223,919
859,664,180
823,397,459
128,540,656
369,86,854
502,106,53
945,278,459
947,158,11
179,342,712
336,259,922
137,454,684
471,945,442
605,474,704
434,292,743
996,480,727
152,389,230
884,174,120
706,903,981
841,303,430
430,472,41
194,196,311
105,954,123
801,12,125
323,905,131
522,879,546
443,993,678
620,250,650
108,862,360
850,738,179
844,302,272
10,237,527
606,561,849
936,93,34
464,383,431
759,844,758
208,73,941
924,229,342
687,245,560
189,217,412
53,483,724
823,371,424
11,404,111
872,845,686
436,701,131
718,495,669
773,1000,891
923,502,544
869,45,726
930,189,184
174,621,170
749,491,452
820,764,208
6,238,585
344,157,635
940,798,198
47,200,502
947,19,296
414,287,760
147,971,743
51,740,128
719,877,877
728,686,528
491,423,396
622,875,248
883,898,182
458,505,532
595,784,415
543,856,552
484,163,957
819,371,952
577,216,747
82,672,162
888,189,799
521,578,388
920,167,801
682,872,149
700,783,622
654,643,501
592,203,397
821,494,763
739,953,75
707,350,118
490,898,682
627,617,295
404,578,548
761,836,926
69,332,10
893,3,374
468,318,907
374,946,582
116,874,464
19,506,460
65,655,308
73,465,922
414,469,317
358,407,714
287,162,596
553,172,176
979,104,412
663,86,522
148,73,411
45,898,751
577,59,329
20,436,508
889,846,421
442,182,731
951,742,836
951,275,914
205,487,346
857,741,388
600,852,668
274,258,276
174,639,879
142,41,234
109,746,373
267,68,535
267,475,236
954,66,720
20,550,859
75,276,117
546,19,11
996,600,314
745,884,23
313,374,643
157,727,666
908,795,93
212,224,673
546,123,780
662,881,655
459,308,902
347,261,266
523,739,144
238,251,280
282,877,552
313,210,366
149,309,516
181,326,193
180,642,52
326,731,313
434,158,645
85,291,276
791,38,876
95,195,625
843,593,122
266,12,504
353,138,758
210,604,273
359,609,401
290,158,576
718,691,622
497,158,912
148,180,926
114,875,272
307,11,70
139,154,260
68,814,355
79,913,650
331,168,941
779,509,245
845,790,763
519,438,259
92,599,556
794,64,280
132,983,324
60,689,869
753,71,947
357,210,33
42,374,373
145,57,163
93,56,634
107,911,544
860,11,623
678,72,354
548,80,155
322,593,261
292,903,865
830,465,826
252,35,539
608,486,62
31,65,904
808,500,658
877,32,927
463,190,567
128,215,482
925,434,782
974,952,496
956,339,329
92,78,769
771,184,32
283,269,440
73,744,422
686,144,257
594,242,265
123,74,4
428,320,94
720,368,533
620,342,555
437,293,109
987,47,102
525,498,291
815,801,196
111,669,651
827,609,905
431,57,596
6,501,787
510,467,333
154,85,224
979,815,375
695,169,682
609,970,209
553,166,256
722,538,879
829,746,208
498,164,172
890,596,668
349,570,768
70,315,632
140,960,220
267,736,512
613,743,559
64,68,788
728,396,939
576,146,97
846,411,278
518,343,335
309,272,641
669,103,188
212,1000,197
259,240,125
525,706,684
162,417,337
868,378,490
721,58,649
10,555,208
620,730,158
608,911,668
565,925,675
980,519,222
36,641,319
588,628,279
995,317,586
9,966,794
566,714,26
829,295,116
244,972,227
735,256,363
296,832,157
321,29,666
420,708,275
717,320,203
280,837,47
985,297,575
451,681,203
224,236,905
888,795,827
751,493,51
951,490,656
997,285,827
791,259,795
769,995,564
6,934,420
387,928,503
740,229,516
999,81,271
928,700,620
190,94,347
309,87,904
149,799,516
3,649,686
56,713,692
746,987,952
15,733,974
602,749,75
644,662,215
764,550,640
982,321,453
209,686,889
304,613,313
83,709,70
686,972,891
734,105,955
439,916,922
488,324,219
811,908,592
989,571,350
629,719,463
972,839,969
681,566,404
742,37,766
985,185,69
337,365,187
860,1000,252
169,484,916
4,481,748
941,812,404
998,409,562
204,824,810
988,26,140
530,464,409
303,326,370
39,894,747
45,613,235
858,299,119
280,300,584
678,521,168
460,859,426
834,58,989
281,329,812
175,371,899
218,480,635
662,992,186
609,366,988
967,470,924
904,619,219
587,814,35
842,767,527
577,257,190
321,203,904
94,92,337
550,541,947
897,240,139
283,971,790
786,594,570
96,274,914
95,113,9
755,823,951
38,545,599
546,521,18
346,908,224
82,317,990
519,73,109
99,29,488
200,267,376
423,142,118
332,219,516
152,885,944
972,368,40
441,135,143
162,965,212
935,330,970
612,346,908
667,99,973
785,465,554
699,87,108
776,118,488
249,372,92
447,585,515
857,243,181
406,616,803
439,479,248
351,187,215
900,176,148
12,930,391
864,113,692
717,286,508
963,603,70
779,984,867
600,473,509
974,385,732
822,231,523
558,608,631
888,700,473
548,32,799
809,722,255
192,527,747
190,332,451
197,146,261
315,799,433
773,978,33
162,898,991
499,275,695
510,903,138
859,260,371
855,778,506
67,985,112
751,143,775
530,396,858
215,578,655
176,280,956
773,193,321
388,120,294
659,319,143
66,712,81
433,780,686
414,493,441
212,487,110
652,930,704
113,301,551
957,905,866
328,732,786
622,629,895
479,188,263
380,534,395
432,168,164
