666,386
422,297
491,644
85,134
509,189
382,643
854,511
6,500
925,222
787,525
980,438
836,139
127,877
152,739
784,639
398,431
892,154
966,391
494,961
911,586
199,45
802,625
934,977
534,566
702,95
582,396
779,653
447,284
848,644
398,698
361,380
741,226
260,429
65,5
820,495
873,245
810,204
743,49
286,291
469,309
328,729
623,177
522,972
955,423
967,928
581,306
717,925
988,451
145,32
19,732
841,138
558,307
86,651
159,165
188,12
125,237
122,763
149,351
547,476
18,86
476,817
390,829
887,57
71,781
72,564
196,167
20,310
251,927
960,244
570,574
574,84
950,50
782,917
356,513
142,665
182,486
534,637
936,415
412,562
294,390
348,837
182,131
159,245
77,641
714,880
365,33
253,839
785,495
266,597
868,33
868,411
411,183
119,444
657,812
902,431
416,752
757,429
925,731
532,939
873,32
530,270
951,144
834,257
741,857
542,733
322,544
489,420
634,705
78,451
84,778
972,49
228,472
776,935
615,517
123,559
585,918
24,384
413,768
403,176
852,179
196,92
614,226
585,182
357,102
844,852
373,289
638,193
393,79
67,998
177,205
211,459
403,389
134,646
896,623
769,694
709,136
133,542
221,621
642,472
93,567
165,162
912,520
912,351
474,193
308,342
950,972
984,562
541,457
304,91
901,46
210,978
917,648
887,704
414,172
916,279
495,956
797,319
492,592
818,271
819,10
754,40
171,531
455,520
96,851
737,826
52,866
784,890
130,744
135,327
357,202
832,8
795,159
449,717
986,59
67,947
126,349
178,23
128,457
599,158
468,280
752,17
809,1000
171,122
694,360
467,592
133,803
33,568
66,192
967,455
582,473
513,212
366,159
196,962
657,523
31,994
30,604
247,865
824,288
939,206
951,129
308,240
445,119
469,165
934,859
326,182
798,154
454,904
796,283
424,28
67,627
672,35
511,438
358,990
190,325
970,826
782,43
180,643
571,185
885,564
385,645
821,322
452,966
279,455
326,655
79,862
718,645
504,127
240,528
157,233
220,863
210,641
247,435
618,740
721,255
823,179
271,751
537,169
424,894
704,56
455,646
457,88
896,724
413,849
659,179
178,250
701,639
818,910
226,181
456,579
278,96
363,697
739,10
830,882
84,211
640,207
45,669
464,958
239,507
900,985
872,595
1,151
417,644
312,762
111,341
491,162
342,433
232,167
168,55
442,854
585,160
207,835
116,757
930,261
66,769
815,852
647,918
292,682
652,589
590,771
371,769
59,868
494,958
226,497
744,736
682,777
413,715
53,494
270,553
83,795
905,618
881,321
264,287
628,799
989,398
108,799
520,543
310,77
732,26
47,60
743,423
116,669
997,189
494,383
765,698
979,410
518,184
421,995
959,223
825,145
276,689
627,277
822,386
35,529
858,687
927,518
935,689
841,413
434,75
256,573
973,958
146,564
496,631
766,884
906,616
724,611
800,897
993,323
520,96
183,956
357,446
576,974
755,804
564,486
699,659
253,829
493,553
596,894
848,719
91,414
247,866
629,63
615,435
947,82
835,596
302,199
899,691
206,565
307,779
248,24
548,355
41,90
985,546
179,827
256,807
596,132
623,541
118,87
832,644
542,198
874,511
170,536
838,281
415,405
95,115
634,810
439,404
967,783
633,943
829,739
501,383
341,220
820,613
586,724
122,1000
48,654
753,593
238,598
74,118
45,45
677,884
339,723
735,932
367,579
935,561
687,18
467,217
354,248
909,492
220,974
848,677
841,864
193,657
2,632
850,174
506,724
996,45
326,793
963,698
688,914
618,603
126,216
711,349
365,765
711,260
609,823
231,784
313,620
375,446
787,55
893,429
38,26
851,473
826,992
825,837
550,986
211,528
479,308
578,751
417,802
314,159
323,622
840,382
792,823
937,846
255,339
791,916
71,896
609,398
602,760
626,134
92,584
810,789
411,70
929,169
104,363
343,612
673,774
240,890
2,211
487,983
724,862
771,501
566,861
645,990
332,281
573,635
405,216
711,790
514,318
347,8
843,403
506,253
624,183
553,914
523,685
45,878
696,205
111,797
773,735
626,758
270,349
382,781
877,885
61,81
993,585
755,664
60,519
273,929
850,248
712,570
494,536
389,383
632,173
314,808
327,679
36,577
874,861
399,41
33,269
824,92
7,876
907,438
545,161
992,838
890,94
78,444
461,179
741,276
642,211
955,954
119,674
312,360
126,849
547,826
325,672
595,890
250,304
292,617
700,135
777,85
714,452
755,651
309,843
234,387
234,974
348,293
340,307
583,255
706,178
482,521
633,569
236,82
922,534
396,599
665,165
181,657
478,64
2,486
422,186
468,688
536,538
892,681
977,561
960,3
171,248
145,549
972,514
81,914
802,383
527,419
83,419
222,762
308,310
86,569
831,545
491,187
697,512
267,569
316,897
653,906
767,150
768,870
297,263
331,641
495,72
976,58
591,714
686,471
924,133
623,70
605,760
437,779
841,892
957,621
396,460
671,201
342,960
824,328
423,100
690,737
601,835
994,746
2,923
163,530
864,551
973,823
346,967
300,734
757,843
67,226
769,740
922,501
669,837
823,437
689,10
676,885
302,868
228,335
11,425
457,819
172,807
486,253
160,973
512,126
22,695
424,391
338,981
149,927
447,551
349,256
462,449
134,990
697,667
102,124
362,540
595,895
52,686
15,66
924,751
68,568
29,594
981,112
271,276
268,271
848,410
400,343
798,159
971,622
154,360
926,737
142,122
386,401
480,559
238,960
243,31
775,816
14,558
642,971
127,885
264,131
536,946
289,786
26,232
502,872
862,349
165,678
717,301
194,304
241,188
766,800
799,804
906,956
603,8
998,432
46,2
871,150
483,568
565,740
989,677
451,123
852,836
170,443
602,886
446,559
776,342
543,136
850,701
969,937
398,358
212,352
668,505
927,903
984,823
330,638
792,238
878,332
485,523
714,445
807,533
705,383
425,959
970,376
503,678
173,726
771,614
694,970
312,824
713,677
411,865
77,890
723,904
421,463
761,220
627,283
848,172
167,348
476,521
208,232
362,325
890,558
516,464
584,751
406,418
680,175
75,104
80,770
267,696
883,584
692,557
34,404
254,901
292,364
824,617
932,300
230,852
933,422
763,500
863,147
776,674
424,268
472,809
688,105
437,54
814,516
268,292
552,721
197,421
374,700
503,56
797,882
996,402
33,970
551,53
676,708
652,216
196,956
970,938
692,868
456,877
228,489
921,301
380,992
632,9
397,888
241,398
521,182
579,938
345,745
116,238
512,737
914,97
412,403
1000,782
806,430
123,943
268,971
636,305
860,243
499,605
712,617
374,327
784,153
407,437
823,410
222,804
286,260
946,596
874,214
998,862
497,177
40,474
363,22
229,293
391,479
256,869
8,907
476,480
325,103
274,630
991,975
258,67
256,701
690,101
385,860
218,595
54,20
386,799
587,884
205,780
490,709
774,110
866,894
267,801
330,426
662,545
555,6
941,304
499,834
872,192
277,223
653,637
35,749
462,338
329,168
22,984
384,988
779,820
860,876
906,607
456,507
124,846
100,245
472,56
360,622
361,910
28,484
508,483
440,783
863,584
565,674
57,237
226,666
805,259
787,596
81,330
120,394
463,538
587,794
638,818
224,107
649,199
118,962
29,926
662,536
356,9
293,558
390,976
510,527
71,393
908,689
75,838
430,338
382,563
146,273
896,628
119,809
894,386
676,897
89,613
26,602
762,1
103,658
255,935
365,362
868,636
572,985
225,225
866,873
488,267
784,19
575,473
538,374
551,398
414,487
204,392
759,734
346,481
135,894
176,144
942,555
897,529
60,666
647,342
972,821
962,274
748,476
926,944
995,88
202,188
39,709
835,419
644,38
877,646
670,466
435,988
390,815
297,272
665,235
351,974
607,142
108,674
794,513
433,89
123,398
134,587
495,842
622,430
725,676
72,973
792,576
96,159
102,895
206,420
971,523
619,858
938,983
351,726
838,598
720,999
228,974
920,410
356,764
951,814
976,406
930,276
767,861
763,552
797,437
700,884
681,510
471,260
936,428
102,274
178,368
998,523
801,357
713,756
690,197
877,12
999,330
313,370
830,66
402,233
765,358
571,136
558,993
222,528
590,909
312,153
51,710
464,994
120,164
589,804
327,75
326,394
696,904
275,937
508,122
688,572
712,349
207,834
363,882
755,305
116,764
511,658
175,236
229,38
235,267
581,435
928,151
318,112
580,669
349,638
8,370
510,316
918,489
816,607
480,259
627,920
706,975
412,172
972,227
469,959
126,768
862,876
666,735
103,622
358,359
821,283
94,181
260,529
626,651
239,999
320,690
253,611
524,218
601,19
178,434
954,864
704,641
702,887
611,356
994,801
666,833
183,985
124,882
619,361
730,981
835,189
30,95
645,613
689,378
537,234
832,161
295,801
758,435
776,31
460,960
402,911
107,277
468,791
240,172
153,793
752,529
635,265
257,364
782,480
126,745
748,110
285,757
507,825
282,423
32,504
70,790
742,414
643,799
206,123
234,164
598,280
850,338
207,156
980,498
624,742
862,365
229,182
619,907
874,147
739,330
12,512
990,149
611,824
901,822
197,689
605,241
475,719
288,292
923,756
108,359
53,220
108,591
115,159
184,570
475,111
357,610
594,883
266,368
705,324
824,564
415,774
388,765
964,536
316,763
914,25
32,327
726,592
170,392
489,419
788,390
507,327
689,379
15,340
676,811
388,932
680,981
425,156
829,959
343,969
783,599
376,554
634,841
408,564
985,79
78,672
301,691
677,545
673,730
825,370
875,294
457,506
958,305
981,236
571,392
774,453
735,341
895,425
813,425
205,528
595,640
877,712
543,11
958,757
214,337
455,733
80,932
131,40
2,584
293,976
385,248
509,690
669,103
428,668
714,23
940,204
22,559
362,529
573,125
848,891
294,485
824,329
457,22
955,565
36,429
477,641
748,610
499,101
244,507
125,765
475,115
579,402
985,866
933,294
588,72
91,899
849,277
232,607
271,292
512,535
118,363
829,474
80,423
821,324
142,45
501,814
831,467
786,887
393,692
618,160
578,270
741,207
680,521
321,260
224,271
199,256
245,425
516,100
406,460
56,655
575,540
484,984
887,419
384,566
522,278
301,70
265,289
31,932
20,277
172,494
672,416
666,449
249,675
289,522
213,533
956,748
461,157
193,895
56,179
869,381
223,832
730,59
59,969
959,10
847,763
430,124
689,555
990,3
711,962
174,768
272,159
845,895
325,777
724,264
303,253
514,288
540,979
187,244
219,592
533,404
416,190
369,975
649,241
642,439
520,23
623,178
494,453
48,976
136,595
95,631
733,437
731,928
739,895
454,747
149,559
986,721
70,287
456,134
382,455
372,769
362,465
698,588
164,328
22,801
353,272
78,976
454,627
511,483
584,802
359,4
908,755
503,38
664,640
800,32
544,973
995,473
784,619
703,531
771,380
325,424
990,188
452,978
695,545
103,606
293,633
707,23
419,360
378,961
308,296
361,261
537,312
810,977
750,620
489,162
379,641
651,356
710,495
463,704
685,764
110,69
286,46
296,295
554,672
479,732
884,566
522,653
370,681
454,884
399,626
898,156
141,866
817,783
883,586
134,8
892,487
80,201
1,713
136,400
741,241
890,66
609,513
471,751
999,472
395,935
415,1
38,50
527,479
77,814
178,66
551,297
988,125
398,899
394,65
376,584
66,483
360,695
798,706
412,132
505,718
230,899
913,614
903,984
32,737
851,953
342,188
465,531
617,575
299,317
491,186
757,834
117,26
999,602
879,779
869,84
791,26
665,463
210,276
561,25
959,775
497,886
808,966
452,269
527,145
315,915
680,111
545,43
503,449
817,620
966,307
736,788
4,676
936,502
805,320
533,891
252,705
568,252
548,427
910,237
708,755
419,576
968,394
410,616
356,14
654,522
863,336
130,543
797,224
698,957
509,12
989,202
154,960
968,515
369,93
267,995
902,402
359,684
1,847
197,346
177,697
90,814
315,636
401,557
641,146
165,215
417,501
595,435
181,938
709,445
687,139
889,750
240,501
651,448
213,512
203,791
95,491
10,191
466,754
871,433
650,646
82,667
682,542
429,242
424,217
217,570
573,993
738,994
33,360
749,2
210,231
140,361
739,548
354,880
528,577
612,723
143,43
986,907
942,819
540,133
409,988
80,699
362,16
291,189
636,0
380,765
128,144
372,916
633,833
159,498
636,977
105,206
877,588
709,841
211,434
197,51
643,56
940,202
41,814
713,299
93,1
508,606
577,293
660,409
883,868
229,999
740,959
9,968
975,282
621,332
200,469
317,851
790,897
376,263
598,508
349,608
860,636
276,936
113,927
418,944
406,803
100,749
687,568
644,306
476,34
72,169
397,194
582,247
646,301
908,865
581,463
659,643
935,419
481,937
593,711
255,3
78,395
32,274
851,239
326,227
801,386
729,38
647,687
181,388
819,154
187,253
94,90
250,43
99,232
998,614
981,160
493,851
61,684
489,417
283,910
15,110
894,659
418,974
619,374
407,768
740,527
670,47
853,36
719,747
76,494
935,508
753,285
747,781
565,873
122,68
679,123
718,630
636,765
84,174
171,235
38,594
32,680
567,162
460,669
274,863
626,2
391,587
187,364
810,380
208,594
281,386
16,84
503,645
713,169
724,143
979,34
362,217
727,200
36,232
188,657
687,579
419,946
713,514
767,354
592,841
96,669
949,956
114,816
4,461
674,267
110,749
116,965
843,224
683,140
954,655
813,950
602,563
216,587
221,893
850,836
104,96
877,175
19,199
514,388
797,153
64,933
711,325
386,416
207,317
43,312
787,27
564,809
723,899
115,751
392,658
45,150
320,184
867,564
532,184
650,536
117,466
619,605
61,678
170,227
179,664
152,860
992,825
797,672
576,699
307,812
71,131
569,86
646,892
382,146
827,121
334,928
760,7
989,748
400,299
688,747
145,234
779,147
29,692
800,998
685,211
239,759
471,685
752,137
405,900
947,97
672,986
15,158
146,449
956,683
99,828
932,857
326,352
101,382
48,943
819,46
763,401
133,990
640,215
631,868
442,44
247,42
552,773
493,791
628,623
416,884
221,310
332,729
656,211
894,805
811,925
705,661
389,916
521,745
874,861
293,15
522,564
285,993
740,933
245,779
555,215
882,427
370,855
937,1
568,180
616,72
137,351
979,517
97,430
369,458
147,522
968,143
811,664
150,16
706,483
754,397
500,117
786,342
308,994
203,446
554,850
789,474
11,696
44,248
653,99
315,140
881,173
41,978
578,211
42,183
54,35
921,324
754,940
704,799
737,684
116,475
124,847
485,853
726,998
616,90
998,248
267,65
326,461
361,502
133,366
462,326
813,414
51,10
432,460
8,809
479,816
392,73
825,101
80,604
376,939
138,196
479,490
28,298
541,628
965,511
252,391
648,592
91,227
677,694
387,839
378,868
948,89
903,76
771,933
658,839
974,202
424,3
502,604
121,141
687,525
20,992
417,915
183,167
219,999
117,349
766,433
886,469
344,286
733,68
122,735
975,580
767,691
939,71
58,68
258,861
27,636
915,275
152,138
215,467
494,15
158,495
341,288
664,916
287,733
940,144
1000,472
2,489
200,923
838,829
882,41
896,620
428,114
966,19
553,841
112,378
815,324
606,357
26,828
446,556
515,71
940,725
864,3
755,69
466,424
470,587
167,159
143,256
667,814
885,680
238,824
644,292
769,460
123,893
7,948
450,470
464,213
250,310
388,344
371,899
734,401
329,485
583,494
516,516
679,291
382,131
163,138
204,911
197,136
615,154
606,597
504,681
531,875
910,592
162,408
918,94
0,589
62,429
919,566
30,909
616,25
401,125
539,185
526,815
558,613
0,830
29,583
780,834
337,703
754,893
853,769
330,500
897,674
578,295
922,372
798,941
11,313
731,12
55,475
389,659
391,71
215,495
844,622
320,496
705,388
2,607
177,710
807,264
488,455
827,863
448,613
434,567
422,763
904,360
305,575
461,990
266,803
205,918
420,270
111,762
841,371
354,989
76,526
563,55
790,640
762,913
937,939
162,460
54,897
822,439
573,61
584,767
48,68
68,580
853,170
70,43
953,140
670,966
799,241
76,994
818,420
879,655
343,905
512,825
194,777
191,79
109,884
7,901
302,537
332,655
861,215
3,276
957,580
804,888
588,961
547,619
669,6
994,192
33,595
910,83
809,524
913,168
785,914
138,481
535,881
447,331
680,329
889,533
380,31
837,560
882,254
532,513
70,426
470,675
449,442
641,274
149,25
686,105
441,245
700,613
520,994
859,615
240,230
42,829
101,362
511,228
758,709
424,532
392,789
161,22
167,722
773,715
980,658
596,71
621,355
675,480
191,261
151,550
246,549
30,676
277,887
341,988
528,614
301,172
263,313
482,329
365,278
950,531
941,287
841,561
699,804
60,450
154,886
230,435
549,843
699,628
215,437
100,870
734,983
278,277
821,363
922,860
422,259
305,607
196,233
320,203
838,849
371,626
463,526
494,303
985,683
478,337
701,78
434,606
898,185
348,625
880,890
810,411
322,609
790,826
401,465
603,805
404,185
672,322
392,994
922,86
884,197
626,393
495,719
218,163
484,183
143,919
368,739
524,979
901,259
578,923
206,61
337,106
862,598
207,712
832,535
540,461
306,164
347,5
51,38
311,608
957,751
113,994
623,489
930,166
1000,413
818,348
670,394
851,742
299,172
144,564
772,34
91,524
908,580
369,35
902,406
614,622
511,226
894,849
984,16
150,503
728,809
733,868
868,974
950,999
329,415
38,558
607,376
882,675
202,4
910,209
223,243
333,64
488,588
854,21
311,688
798,794
163,496
329,240
133,938
493,30
391,904
821,792
115,720
366,346
324,928
251,872
521,931
955,977
504,545
29,178
403,897
494,61
562,723
336,986
51,375
29,385
282,835
268,262
512,167
448,291
696,777
74,154
366,817
211,777
924,601
282,845
910,81
548,167
31,213
969,299
740,681
575,625
286,346
258,31
0,351
552,693
450,233
58,805
369,936
391,539
956,327
981,883
145,124
979,19
272,960
949,554
325,734
792,88
712,432
569,526
135,400
738,547
277,222
674,364
723,461
97,851
706,84
38,352
26,405
815,673
320,213
158,901
622,121
472,109
254,241
489,263
880,101
174,384
973,217
67,626
165,864
749,971
751,664
731,651
621,481
811,641
62,864
970,804
523,98
916,154
888,0
375,577
433,651
399,417
656,163
318,552
540,458
141,596
114,904
432,146
749,346
554,203
514,962
10,838
431,277
576,438
823,484
4,208
252,829
558,119
637,642
390,419
484,620
28,120
803,492
638,657
193,25
907,522
455,688
402,715
860,115
565,253
122,45
425,498
567,525
508,470
841,76
440,653
623,55
896,222
802,413
472,385
334,682
209,542
349,56
502,40
63,533
134,562
481,614
589,126
399,387
64,623
34,120
334,65
381,313
49,131
352,447
524,68
680,241
852,440
811,331
141,956
665,376
607,130
861,800
232,580
48,438
92,122
342,966
397,914
969,852
385,844
802,397
962,363
565,124
706,791
560,284
830,476
551,656
546,423
916,848
968,253
594,519
536,129
463,17
299,606
363,820
312,720
503,679
283,435
507,286
72,889
524,86
960,299
47,162
848,29
872,6
716,650
392,51
292,149
759,610
666,941
249,843
906,56
961,834
588,826
282,336
585,344
134,576
234,594
82,104
833,174
85,334
455,269
738,696
724,961
883,603
354,979
260,705
766,5
831,372
797,44
824,701
206,269
120,554
836,196
71,290
840,347
287,240
999,89
980,812
872,853
703,118
178,119
449,529
381,360
161,909
310,894
771,924
178,359
486,958
42,320
277,162
20,260
561,77
983,63
852,921
956,175
898,872
110,547
13,241
863,236
276,87
155,513
151,828
422,257
63,352
117,949
581,32
828,648
69,920
731,357
150,991
117,608
827,824
456,927
588,973
995,163
471,152
82,99
94,180
942,946
93,309
356,783
832,685
274,985
715,139
802,990
811,569
323,24
586,722
447,321
953,193
569,194
313,820
584,422
145,693
119,652
586,602
910,837
957,624
977,105
573,823
526,24
381,682
232,485
948,506
67,864
395,746
56,811
308,68
851,774
331,855
607,786
375,351
271,548
247,169
92,355
994,697
300,398
261,385
588,537
747,905
862,709
594,799
893,849
206,657
664,325
390,322
55,227
548,609
707,572
310,134
10,869
171,862
996,726
474,349
942,805
251,312
796,563
569,253
56,315
404,776
481,433
565,122
256,912
292,762
208,824
174,285
202,129
994,213
174,695
653,392
750,140
555,213
502,639
832,42
9,520
678,380
725,465
257,134
996,373
255,201
866,514
380,235
620,556
672,755
720,790
482,985
49,673
765,554
238,171
441,889
932,756
372,25
268,147
301,42
481,802
92,11
557,329
130,621
167,844
995,727
363,830
195,559
62,981
890,807
733,495
99,290
328,602
785,877
700,152
626,521
796,660
352,846
284,414
4,967
967,527
991,637
842,699
268,783
334,86
386,83
349,196
244,718
920,807
997,239
319,796
625,905
41,27
805,175
611,335
554,370
355,108
243,226
505,907
954,814
473,303
156,424
445,932
349,347
70,347
398,396
132,855
357,354
120,642
914,932
355,556
859,402
171,143
427,103
724,31
28,985
488,200
293,155
28,425
965,114
689,316
12,650
228,358
394,563
35,783
547,156
694,286
448,311
568,607
649,982
753,414
190,974
802,93
95,80
233,735
140,672
778,0
129,225
435,705
937,661
833,234
620,973
217,994
34,260
71,609
620,31
397,863
593,371
979,911
924,274
726,836
171,387
447,9
641,147
643,49
603,284
202,159
293,650
831,894
803,93
594,916
593,801
37,486
143,319
230,641
115,252
992,980
702,523
768,92
940,90
320,48
745,354
576,770
732,698
546,859
83,448
892,858
833,532
544,323
406,672
29,399
576,437
953,848
550,86
867,877
762,890
272,232
905,327
469,885
758,777
636,552
98,44
36,361
475,168
695,195
250,239
254,827
399,338
604,182
874,815
716,456
44,589
28,971
164,229
28,994
88,402
546,759
576,553
6,314
207,869
121,18
149,97
295,50
111,599
926,353
398,732
193,340
298,923
537,78
728,396
566,391
415,10
409,808
912,449
869,877
736,409
943,940
610,318
837,155
397,689
999,182
369,291
157,177
405,334
922,235
832,565
51,977
224,94
416,53
480,402
863,691
552,13
681,180
717,342
525,194
642,785
883,427
3,279
41,863
271,623
736,206
688,586
625,355
576,699
14,718
506,911
770,579
284,853
926,563
736,461
108,619
471,222
911,640
112,719
817,99
871,682
752,992
351,960
776,642
123,568
586,910
741,421
396,251
565,748
908,955
402,668
741,824
143,457
176,907
783,654
994,441
756,234
163,287
377,875
859,229
345,420
321,779
425,589
721,256
773,113
16,564
963,38
746,42
761,63
999,653
136,824
211,148
42,589
137,914
490,182
292,116
122,713
408,738
959,862
911,109
22,256
877,946
187,440
583,466
278,940
984,415
265,526
728,305
742,419
281,304
969,557
577,384
230,27
173,145
44,875
194,96
939,592
625,350
405,110
681,90
763,978
216,869
541,543
558,115
483,46
261,599
735,494
146,745
338,68
421,597
9,972
895,120
769,909
350,154
448,66
766,891
284,785
671,905
753,804
862,142
567,303
456,665
649,720
544,11
118,353
260,925
871,189
748,80
138,894
516,726
863,364
768,467
615,254
855,472
589,24
311,958
827,332
764,710
234,462
161,470
366,260
258,432
302,296
129,973
553,634
661,172
34,847
635,827
373,887
976,571
830,331
884,765
37,953
341,870
391,228
239,451
442,128
856,69
425,837
795,587
693,760
254,405
613,262
843,503
794,160
820,371
823,523
877,664
565,850
864,450
100,220
538,224
194,961
182,851
60,338
593,96
377,334
889,782
199,197
316,37
64,816
965,758
826,196
178,29
727,885
540,485
664,747
597,76
652,56
802,684
530,68
829,489
907,578
238,922
734,233
685,124
57,411
364,293
508,392
82,528
835,57
607,144
169,116
216,817
609,63
659,661
402,77
125,479
138,297
14,411
906,554
676,367
405,614
18,221
142,495
792,281
949,666
271,8
302,845
434,245
30,591
294,711
418,539
457,518
28,946
851,980
152,533
536,34
657,473
80,295
63,118
782,560
728,719
886,724
170,710
228,993
553,19
320,634
305,700
994,169
742,26
5,698
118,481
835,75
925,255
552,268
603,620
63,790
358,124
649,455
515,700
957,913
488,164
622,870
970,720
792,796
554,320
921,754
749,322
173,424
896,929
181,338
33,324
659,640
255,861
51,926
961,621
178,564
648,558
743,406
82,604
867,542
41,99
593,455
461,614
825,754
111,721
391,506
58,159
672,33
873,532
340,625
933,974
449,551
92,468
12,989
208,754
652,972
184,287
281,888
715,127
658,122
195,527
211,794
297,550
187,786
663,748
210,427
364,546
801,654
896,517
982,205
519,693
322,775
486,627
115,727
297,723
481,425
843,555
396,599
783,119
925,83
756,876
746,782
445,215
143,121
134,426
807,103
335,226
302,561
989,578
10,933
605,218
198,566
986,248
722,722
372,118
446,14
480,209
259,616
953,596
192,984
293,233
823,586
737,994
602,749
632,906
352,669
570,165
68,951
240,202
554,229
224,218
420,755
960,116
801,263
760,556
381,421
646,557
181,161
579,346
598,515
983,527
820,955
362,190
549,528
949,237
189,79
787,778
225,391
37,982
66,132
401,965
22,945
450,867
985,251
749,31
570,494
799,705
799,427
459,815
343,358
594,593
115,191
145,830
202,318
355,816
971,589
972,722
149,502
302,726
899,962
477,108
251,937
575,437
529,590
91,804
164,605
20,358
992,146
208,257
86,107
783,825
858,791
689,786
493,755
370,469
819,950
942,799
767,896
985,517
365,718
570,345
993,995
70,567
210,721
459,17
540,47
166,178
850,306
66,574
684,119
491,787
492,254
844,822
795,124
613,888
925,28
151,737
573,900
225,969
550,331
523,869
18,357
557,631
122,857
103,771
376,511
545,950
956,604
604,377
960,3
16,426
46,740
312,582
810,860
698,226
480,21
369,312
943,988
638,477
251,876
842,33
773,610
755,102
338,979
278,194
457,730
985,233
788,756
524,892
398,880
176,578
589,184
624,897
666,501
875,423
112,941
706,725
452,41
758,609
725,89
859,213
823,562
380,644
350,990
697,311
815,692
737,159
778,337
739,944
242,402
45,717
10,58
391,284
594,273
565,747
806,254
200,905
841,24
278,996
342,186
284,224
196,995
358,686
408,310
885,92
715,293
344,875
82,702
950,241
296,798
616,160
466,140
961,258
676,411
765,750
642,698
468,742
957,746
392,647
656,758
51,216
713,666
989,587
175,982
490,230
996,458
815,102
45,865
110,309
552,218
86,535
699,401
161,966
80,555
105,858
173,63
519,989
767,397
352,426
836,852
777,813
70,969
907,146
862,221
174,296
376,781
703,970
982,147
615,208
837,944
836,126
475,959
876,363
112,780
181,104
207,437
733,917
841,676
985,86
115,858
272,507
781,445
315,847
904,150
571,938
90,419
957,133
946,960
850,195
575,496
486,984
701,604
482,665
876,218
433,585
875,122
589,581
270,908
911,796
239,113
903,411
953,630
767,373
474,736
83,115
953,543
880,292
976,861
355,545
153,553
563,923
671,637
166,227
413,21
170,977
587,411
748,102
29,351
306,425
955,602
832,814
56,245
2,568
880,717
9,115
381,165
334,429
565,864
681,144
685,534
92,595
885,40
921,657
631,226
230,510
193,867
563,985
239,200
102,965
451,870
948,741
245,95
32,611
472,916
419,748
37,585
886,341
586,149
231,59
526,273
945,772
152,357
707,13
21,54
885,572
455,671
577,282
252,507
388,764
419,427
627,305
972,929
487,52
51,424
448,256
972,817
152,900
175,966
395,980
454,129
797,557
964,611
18,132
890,16
728,79
630,776
835,551
417,371
984,252
276,759
366,904
11,414
303,431
121,873
491,590
905,792
697,663
473,796
62,901
275,498
641,87
582,353
620,721
994,881
10,879
691,710
575,805
766,237
945,840
938,477
27,864
164,935
413,211
696,838
331,292
957,189
408,891
978,52
973,576
306,869
803,668
359,340
514,623
748,49
768,254
502,593
929,221
332,434
413,713
316,733
168,901
784,923
44,744
63,871
708,787
143,340
376,355
825,123
981,26
489,178
24,382
773,683
950,407
425,704
679,216
20,783
636,414
292,641
168,947
132,526
854,413
317,397
711,514
749,969
39,1
372,169
594,477
429,429
655,725
387,166
336,417
592,805
547,591
61,286
152,52
725,682
616,292
146,987
503,191
798,722
94,836
440,366
1,338
54,738
687,461
443,990
787,954
916,792
727,85
806,121
171,411
26,213
958,733
329,464
643,474
171,819
39,870
279,896
56,818
823,472
88,831
882,990
819,264
460,153
689,971
310,349
236,590
788,759
638,988
543,895
359,907
307,337
660,799
392,608
109,39
873,42
911,125
321,364
250,267
742,307
621,132
467,706
62,868
253,225
736,739
549,250
647,692
966,655
888,505
493,896
334,201
454,674
621,755
420,642
608,986
412,551
868,326
839,924
701,482
364,16
28,321
710,622
935,177
797,617
111,928
303,193
566,414
278,373
336,747
826,440
514,554
955,41
646,112
273,837
62,550
424,252
376,798
200,410
52,821
527,807
142,137
12,893
48,149
214,537
620,669
897,440
861,737
16,142
84,427
723,42
554,187
527,19
696,343
367,915
784,657
178,958
445,434
975,643
894,877
887,443
672,775
272,602
974,199
915,827
667,564
231,678
11,768
686,649
676,773
845,582
813,517
572,144
425,736
311,678
723,762
1,850
28,129
325,246
75,223
624,341
858,235
549,288
965,686
518,593
541,90
112,719
221,495
482,591
119,353
159,61
877,1
452,917
690,493
2,689
931,581
527,697
829,142
702,993
781,526
156,712
71,598
192,34
700,465
730,723
537,443
880,356
7,896
521,485
913,473
200,711
903,880
988,221
2,798
744,434
285,874
319,707
434,334
984,961
605,945
217,949
835,427
769,317
534,796
731,104
990,56
176,14
287,84
408,886
241,710
567,40
840,466
584,457
872,128
933,305
560,634
519,43
937,972
304,584
586,139
720,40
636,61
432,670
484,162
884,262
756,900
429,247
111,20
986,40
962,617
638,36
572,187
52,214
276,783
63,662
990,2
974,537
451,182
728,563
128,331
740,728
299,662
92,742
455,879
820,653
623,371
652,628
300,548
763,243
116,23
236,633
687,600
635,28
277,452
679,722
131,789
270,596
30,176
136,485
709,567
77,547
338,588
530,371
610,218
576,94
410,976
350,756
310,751
956,463
801,627
759,401
422,3
867,869
221,140
346,80
657,290
169,186
325,123
439,389
799,158
737,550
586,863
823,927
196,566
511,508
529,139
468,120
892,266
644,364
250,855
545,192
969,719
358,931
625,42
787,414
453,137
465,904
663,899
49,264
163,287
349,102
904,878
141,619
250,214
612,377
72,294
349,564
81,319
317,404
385,367
631,723
70,765
447,128
436,25
983,499
494,769
838,54
939,834
100,738
940,252
290,503
821,400
837,866
361,163
801,521
573,954
244,640
603,476
919,640
55,926
849,817
786,749
585,488
374,308
610,186
976,299
855,869
404,401
884,138
804,522
772,979
571,268
213,535
82,521
928,364
605,8
579,718
310,151
893,648
831,80
469,741
686,772
383,477
965,934
544,405
562,32
306,597
210,871
967,597
60,616
799,377
290,1000
12,925
369,186
698,639
48,628
519,378
940,40
261,711
119,37
162,114
883,21
537,504
805,115
93,681
920,122
58,606
960,860
791,381
438,552
144,211
882,401
263,905
356,103
497,830
961,583
129,586
986,924
632,637
145,574
609,826
480,306
813,327
517,601
33,893
676,943
204,9
336,65
260,241
490,288
686,672
456,929
719,230
216,813
937,604
606,38
14,12
388,531
791,16
93,915
414,524
347,872
232,928
641,556
416,558
347,815
474,863
604,851
997,604
80,307
59,85
372,526
769,196
29,281
29,598
885,301
92,167
74,984
357,94
975,75
814,1000
707,747
995,737
368,469
32,513
487,803
803,198
448,107
487,291
694,526
293,574
556,398
646,45
135,984
949,51
654,392
98,100
625,788
251,879
101,702
5,245
579,171
648,140
373,663
454,38
933,345
197,269
757,728
201,746
798,337
348,860
109,397
95,18
210,473
0,605
671,284
876,817
983,950
416,144
384,326
293,230
942,79
193,293
678,27
293,918
255,80
443,812
351,23
756,793
157,64
68,750
644,899
429,433
829,695
603,816
926,536
498,303
882,625
539,746
434,809
412,783
787,939
104,533
247,991
359,126
25,559
106,401
487,958
182,9
879,684
809,274
421,426
186,745
62,513
895,581
147,17
285,950
893,521
532,922
565,493
775,290
693,593
796,769
527,468
65,218
81,170
613,347
127,53
882,862
99,137
11,650
352,190
279,339
824,515
432,135
823,810
620,243
63,205
392,216
657,251
403,524
886,770
845,82
177,689
46,555
208,376
214,564
791,306
548,813
209,979
588,477
413,217
478,276
973,538
357,697
974,360
918,786
680,631
526,571
170,112
203,484
197,982
539,723
1,697
647,775
443,215
442,346
98,559
939,850
30,890
29,303
162,480
187,271
487,167
675,530
140,733
360,765
876,666
461,893
812,924
758,396
130,322
622,279
51,783
14,92
998,10
520,234
694,564
656,451
604,866
225,153
353,760
55,711
750,494
578,818
989,542
134,492
750,227
959,719
911,406
234,683
953,148
156,804
266,724
692,365
932,231
899,696
936,230
166,532
874,131
116,833
612,479
717,966
134,168
554,401
785,371
133,287
926,433
426,134
422,797
99,80
888,833
754,919
810,310
42,444
337,449
472,175
219,406
677,555
563,328
652,682
419,750
543,583
686,626
813,955
25,760
155,72
344,182
167,786
973,38
469,963
856,876
497,215
542,310
459,453
658,569
854,111
916,265
123,822
649,864
265,798
101,793
195,763
493,414
572,602
394,1000
69,610
524,540
192,191
183,902
968,590
588,583
570,199
435,8
910,63
25,308
431,416
863,839
677,280
675,621
26,777
972,657
897,738
658,3
649,425
998,420
213,338
822,338
987,647
939,348
735,163
954,252
989,879
13,826
378,841
165,382
478,867
100,847
938,885
700,78
247,74
892,860
570,294
368,13
749,161
545,985
502,990
495,203
899,516
794,726
135,702
176,122
751,783
70,662
76,460
582,172
27,65
548,275
38,740
361,963
939,60
901,347
649,952
456,84
854,518
107,881
167,806
142,758
550,536
423,745
931,517
919,640
939,576
111,999
356,497
354,336
337,149
879,658
406,106
892,627
812,226
80,503
837,288
533,946
449,26
920,497
645,111
34,306
885,929
274,822
748,804
180,75
624,857
185,712
410,667
396,444
639,870
309,999
409,627
862,383
90,487
883,7
410,317
668,416
873,25
334,637
39,707
389,356
860,75
614,965
282,582
102,141
419,277
725,148
165,451
801,353
715,552
322,375
877,385
262,371
175,558
869,371
464,444
746,51
685,611
351,299
742,185
442,748
38,370
789,827
982,570
389,178
916,740
701,221
16,992
609,616
637,772
929,830
589,538
962,484
508,926
809,616
207,348
194,548
486,875
167,368
769,944
989,587
925,323
347,906
539,739
809,98
795,175
460,865
599,58
922,247
697,809
664,469
690,438
800,625
644,229
728,652
708,381
971,334
835,996
103,25
27,839
613,363
283,624
341,266
367,439
941,948
802,876
50,317
799,259
61,420
80,636
774,916
691,0
195,851
62,531
331,861
447,265
23,949
113,368
729,809
662,208
778,609
267,259
783,336
792,508
846,621
416,630
917,161
64,551
713,932
9,886
822,194
970,794
376,755
653,116
754,316
314,6
809,27
405,806
371,335
120,231
957,592
565,920
545,215
114,231
947,220
694,562
85,205
720,274
892,897
176,690
779,320
245,595
298,842
263,814
513,564
979,402
964,744
527,543
551,229
746,192
991,726
242,39
77,379
37,957
746,92
370,463
75,206
532,522
549,449
517,535
647,793
10,839
721,306
469,46
786,311
480,778
30,365
626,620
269,365
84,908
529,713
251,595
700,165
569,951
852,614
402,477
298,218
90,762
922,55
600,706
988,175
650,342
940,590
269,262
893,70
822,856
441,947
270,112
371,855
228,46
637,730
712,389
600,944
183,501
916,394
554,913
693,988
146,543
369,850
573,591
688,469
269,256
440,49
818,963
355,119
654,733
636,230
573,282
908,21
287,610
877,777
575,854
632,836
412,137
834,964
343,157
662,955
141,866
258,264
839,522
136,625
632,400
916,118
403,735
589,567
309,364
774,369
811,229
171,381
98,573
132,886
161,745
133,491
761,313
933,444
569,20
175,935
691,975
505,738
958,452
37,697
389,401
665,403
963,661
425,828
166,403
839,704
304,726
846,920
552,292
526,361
745,391
576,569
709,834
761,185
80,390
921,680
100,910
342,269
746,238
964,848
545,493
387,293
788,243
913,596
839,77
524,469
97,15
764,632
502,542
835,471
851,482
437,672
251,899
892,965
922,816
849,56
665,156
335,976
771,259
17,357
485,439
268,717
150,959
23,873
523,117
894,996
792,143
852,594
772,722
93,651
126,168
217,256
568,913
594,341
911,783
352,871
228,496
508,856
137,911
517,820
148,115
614,401
77,783
53,384
130,693
385,0
304,204
55,386
303,582
966,979
678,530
524,638
183,339
561,325
257,177
208,402
731,927
822,633
457,328
837,586
709,802
317,872
548,17
980,31
800,471
799,541
214,154
984,523
814,521
648,982
965,863
248,919
22,588
652,469
694,245
486,553
39,597
865,379
38,515
882,611
467,558
232,757
587,435
973,846
287,915
977,161
66,281
914,829
385,409
423,829
340,971
577,967
642,702
188,455
305,914
179,301
716,91
692,958
779,780
307,124
108,643
328,349
475,335
962,417
233,319
721,303
591,315
606,635
68,634
392,110
196,137
690,717
252,275
418,730
948,354
690,562
902,619
311,415
502,588
902,926
497,505
668,205
394,861
855,259
380,303
152,774
360,435
554,92
851,338
774,394
683,365
399,977
333,655
643,137
813,1
217,59
563,418
353,165
523,791
891,397
456,291
606,880
626,655
354,401
697,815
991,520
785,135
350,476
367,26
822,22
46,215
535,313
87,739
919,371
187,612
430,92
759,945
994,521
480,431
196,215
196,406
601,416
759,496
359,672
509,693
178,576
408,947
561,320
329,740
580,625
491,266
82,708
499,231
701,326
442,10
171,730
8,109
245,532
455,65
994,255
931,256
731,407
66,998
643,237
230,431
403,396
452,429
612,224
700,120
674,95
845,130
32,370
521,577
581,326
974,99
653,375
550,666
108,701
632,542
939,780
634,655
424,934
191,278
119,797
290,52
430,200
83,832
360,443
949,186
804,309
710,573
959,503
944,715
911,485
804,914
800,127
653,303
250,960
210,502
63,385
323,308
431,597
845,936
467,483
536,603
803,791
98,525
545,266
64,443
658,735
165,249
219,913
598,883
934,146
202,648
506,599
188,324
844,929
98,1
938,114
578,830
543,477
796,43
340,740
845,49
96,597
535,60
103,269
700,466
919,637
527,922
553,448
445,672
701,919
100,726
152,428
823,638
988,948
963,428
844,196
823,786
741,223
106,435
139,602
951,347
827,534
910,677
834,860
703,625
986,752
734,532
9,8
981,5
22,225
821,317
559,137
872,736
770,165
52,535
5,331
955,685
570,157
615,824
612,826
58,163
36,960
462,410
245,61
139,55
845,568
290,716
188,572
397,669
398,410
94,190
555,62
377,1
224,964
340,546
987,516
880,564
757,150
690,355
535,194
132,650
949,856
800,972
2,345
216,238
898,734
721,207
871,291
526,780
883,99
205,485
80,329
677,264
588,679
698,173
565,799
978,374
503,995
87,66
980,676
727,197
605,271
258,873
978,836
483,928
971,805
65,579
445,790
917,872
397,741
805,58
812,482
587,176
735,589
612,263
396,23
962,334
379,591
498,857
422,627
510,585
449,860
840,363
549,332
155,268
771,567
759,422
339,938
270,359
500,837
873,490
532,118
430,295
17,8
450,426
510,681
7,610
918,157
372,586
445,151
846,758
941,11
138,395
601,271
655,532
582,991
639,719
954,619
524,920
783,604
734,899
601,53
80,662
618,616
809,328
818,173
703,832
457,975
346,936
938,259
991,476
577,574
369,646
399,813
39,969
161,677
830,494
880,152
904,499
51,325
771,749
354,705
28,543
832,538
124,653
992,864
186,927
518,47
934,505
747,337
659,803
108,145
129,691
824,165
52,616
952,2
588,216
590,542
949,516
480,916
867,156
709,297
120,427
89,242
74,716
443,767
422,671
592,85
524,706
204,268
840,791
354,67
294,435
382,292
849,818
343,610
343,710
601,175
954,632
759,135
48,14
884,357
870,284
595,800
450,161
496,708
9,292
566,83
688,23
821,165
208,653
592,971
134,922
322,629
217,583
253,601
685,191
778,433
153,62
118,407
650,972
160,927
98,386
254,754
137,202
559,433
781,409
624,902
132,84
382,360
370,466
453,975
14,567
87,2
852,589
601,201
868,979
41,235
95,988
419,308
895,579
122,701
763,468
764,739
862,445
640,26
880,158
226,134
443,380
202,839
877,804
99,449
341,160
788,471
286,680
245,226
657,919
891,120
649,314
758,11
509,869
16,632
179,197
250,365
422,515
738,730
397,443
63,186
539,905
804,204
724,530
264,830
296,348
682,333
790,631
235,842
722,912
888,395
883,659
816,276
744,865
424,826
906,84
547,634
47,939
679,985
267,692
272,304
152,134
120,896
755,80
311,990
992,289
874,672
119,414
883,650
284,785
177,850
643,536
397,267
677,909
271,646
431,680
344,386
791,14
867,823
555,861
206,277
413,766
890,83
399,798
881,938
229,646
168,157
805,708
72,705
274,283
394,821
237,503
215,406
506,584
511,636
316,570
682,210
500,120
980,828
168,43
444,319
619,731
708,942
225,539
237,912
651,944
976,187
569,943
119,131
381,550
219,988
361,977
591,979
139,40
987,416
370,823
991,314
854,685
52,211
828,307
875,4
583,998
629,77
29,585
865,822
493,670
797,840
886,194
20,926
272,859
827,262
149,622
448,990
373,920
622,141
315,217
897,993
952,827
891,177
493,74
660,666
517,642
867,847
132,640
571,844
2,776
627,766
418,199
743,811
191,907
763,805
876,412
514,836
898,517
852,515
608,890
380,663
609,363
573,880
30,119
550,95
508,298
689,756
346,557
735,731
356,210
88,333
517,215
292,606
53,557
14,828
622,348
317,30
313,223
493,676
902,64
519,950
282,111
305,606
105,776
102,19
775,303
903,459
504,19
581,302
837,492
566,709
191,710
139,364
784,514
262,269
890,824
261,208
628,574
334,4
995,638
883,452
206,445
350,174
288,930
591,66
353,54
372,768
439,21
791,235
106,918
43,316
19,301
139,441
847,873
581,481
208,54
20,877
580,325
958,274
578,43
171,387
220,240
677,682
978,332
906,62
649,494
539,84
499,347
313,951
878,737
91,84
878,542
111,735
669,287
716,189
707,314
806,925
190,889
22,559
689,657
244,817
263,240
367,356
887,708
537,30
602,427
962,106
100,759
72,151
80,883
173,385
93,84
308,680
990,265
320,478
972,541
32,917
615,500
228,568
228,903
877,298
120,268
301,852
911,895
989,974
537,760
273,435
421,672
697,458
998,680
725,151
557,775
123,934
469,368
507,248
670,795
866,552
611,521
324,725
246,664
344,665
477,615
219,367
487,588
958,940
259,515
45,167
791,885
429,560
947,404
311,799
297,970
464,173
929,390
751,708
59,989
33,665
719,318
667,193
222,683
282,862
958,300
206,366
870,479
526,668
27,0
578,422
42,141
816,947
180,884
594,747
560,312
601,750
459,636
355,604
323,903
383,32
177,144
846,545
367,467
674,566
858,759
595,566
157,659
794,583
762,952
535,274
163,348
508,342
616,746
437,465
818,512
199,619
16,741
52,702
693,443
639,288
765,438
861,167
803,27
889,42
30,200
149,832
498,337
987,114
588,931
328,650
72,669
603,560
836,253
16,532
502,902
554,152
77,740
728,707
974,41
799,921
692,224
645,902
0,994
488,336
815,634
972,525
316,979
401,367
943,318
231,801
213,230
640,793
217,360
890,734
500,970
443,794
618,883
914,960
531,329
289,233
908,619
54,769
172,697
869,240
312,550
953,218
436,582
71,327
299,952
579,413
45,656
648,931
864,107
798,937
546,254
560,851
988,604
971,830
630,944
924,116
402,447
