683,22,683,268,811,22,9421,3588
683,22,683,373,305,22,9421,3588
194,54,194,267,976,54,6151,2590
400,60,400,376,940,60,4016,1402
402,65,402,409,908,65,2437,3859
510,65,510,458,461,65,2437,3859
872,67,872,412,630,67,2652,32
872,67,872,412,630,67,8050,1927
428,71,428,73,441,71,3178,9
428,71,428,318,887,71,3178,9
428,71,428,456,119,71,3178,9
522,75,522,373,637,75,794,1141
522,75,522,373,637,75,980,2472
522,75,522,375,850,75,794,1141
522,75,522,375,850,75,980,2472
464,83,464,186,927,83,2974,4283
808,87,808,301,364,87,80,4402
808,87,808,301,364,87,4117,766
495,90,495,390,73,90,5087,4292
530,94,530,183,447,94,9133,1272
468,106,468,291,261,106,2812,1232
468,106,468,291,261,106,2905,1828
270,125,270,453,756,125,7312,1717
270,125,270,492,80,125,7312,1717
93,128,93,15,480,128,8353,1566
93,128,93,22,306,128,8353,1566
831,152,831,247,468,152,9368,3264
831,152,831,476,396,152,9368,3264
831,152,831,483,427,152,9368,3264
207,160,207,393,239,160,4203,245
134,161,134,198,913,161,1649,4710
134,161,134,198,913,161,6915,4743
844,175,844,10,876,175,4262,3417
844,175,844,10,876,175,6150,376
844,175,844,95,374,175,4262,3417
844,175,844,95,374,175,6150,376
687,187,687,142,59,187,2622,389
687,187,687,142,59,187,3551,1807
137,191,137,10,257,191,6381,1908
137,191,137,175,524,191,6381,1908
137,191,137,191,884,191,6381,1908
137,191,137,356,737,191,6381,1908
700,209,700,44,583,209,2201,1736
495,227,495,390,73,227,3474,428
853,230,853,96,518,230,3374,3922
268,248,268,115,608,248,2908,84
270,266,270,453,756,266,8338,1425
270,266,270,492,80,266,8338,1425
165,267,165,224,727,267,4142,1000
165,267,165,254,263,267,4142,1000
413,276,413,373,690,276,1631,4967
60,299,60,52,744,299,4588,37
60,299,60,52,744,299,5357,2461
60,299,60,52,744,299,9314,1500
60,299,60,349,375,299,4588,37
60,299,60,349,375,299,5357,2461
60,299,60,349,375,299,9314,1500
320,311,320,260,779,311,803,3506
320,311,320,315,767,311,803,3506
943,315,943,455,287,315,8363,4001
196,333,196,33,979,333,790,2436
196,333,196,163,171,333,790,2436
196,333,196,458,16,333,790,2436
634,342,634,271,595,342,2158,4549
634,342,634,482,837,342,2158,4549
545,348,545,203,913,348,108,4399
545,348,545,203,913,348,5020,2891
545,348,545,203,913,348,6117,4566
17,359,17,287,943,359,6791,1390
964,385,964,339,438,385,6227,1721
882,411,882,26,788,411,2347,2332
882,411,882,26,788,411,9338,4391
882,411,882,26,788,411,9388,3429
882,411,882,362,264,411,2347,2332
882,411,882,362,264,411,9338,4391
882,411,882,362,264,411,9388,3429
700,412,700,44,583,412,1110,3393
700,412,700,44,583,412,9745,4290
820,427,820,242,384,427,3615,1947
820,427,820,242,384,427,8756,2047
917,447,917,161,234,447,5335,187
917,447,917,161,234,447,5806,4439
936,451,936,17,828,451,8430,49
936,451,936,171,555,451,8430,49
769,484,769,93,455,484,7572,4896
769,484,769,323,242,484,7572,4896
769,484,769,439,535,484,7572,4896
47,511,47,81,791,511,3461,3969
47,511,47,81,791,511,4188,1315
638,514,638,161,355,514,8578,619
433,521,433,85,18,521,2290,400
433,521,433,85,18,521,3481,2502
833,530,833,286,324,530,4351,3332
833,530,833,286,324,530,7124,209
833,530,833,369,225,530,4351,3332
833,530,833,369,225,530,7124,209
642,540,642,178,711,540,3208,2995
642,540,642,178,711,540,5893,3319
642,540,642,211,859,540,3208,2995
642,540,642,211,859,540,5893,3319
642,540,642,468,569,540,3208,2995
642,540,642,468,569,540,5893,3319
822,561,822,19,142,561,6010,2839
822,561,822,381,566,561,6010,2839
289,570,289,155,72,570,5465,3098
289,570,289,155,72,570,7438,1600
83,580,83,420,210,580,4398,2113
83,580,83,420,210,580,5216,4289
178,594,178,175,487,594,7020,2944
545,627,545,203,913,627,1705,3724
545,627,545,203,913,627,6368,3836
545,627,545,203,913,627,7363,1253
303,652,303,361,984,652,5305,1965
303,652,303,361,984,652,8724,3988
484,691,484,170,104,691,856,1449
484,691,484,404,565,691,856,1449
484,691,484,453,559,691,856,1449
99,698,99,20,757,698,7781,4546
99,698,99,258,507,698,7781,4546
966,700,966,190,566,700,2026,4819
553,701,553,188,605,701,8991,2160
984,708,984,98,754,708,2441,41
984,708,984,365,458,708,2441,41
857,712,857,177,126,712,3997,3451
857,712,857,223,628,712,3997,3451
820,724,820,242,384,724,1319,3436
341,728,341,106,162,728,6254,4144
341,728,341,106,162,728,6609,3195
341,728,341,106,162,728,7698,2745
341,728,341,106,162,728,8571,3160
341,728,341,182,781,728,6254,4144
341,728,341,182,781,728,6609,3195
341,728,341,182,781,728,7698,2745
341,728,341,182,781,728,8571,3160
341,728,341,319,77,728,6254,4144
341,728,341,319,77,728,6609,3195
341,728,341,319,77,728,7698,2745
341,728,341,319,77,728,8571,3160
341,728,341,340,414,728,6254,4144
341,728,341,340,414,728,6609,3195
341,728,341,340,414,728,7698,2745
341,728,341,340,414,728,8571,3160
843,737,843,339,781,737,472,76
527,775,527,74,792,775,4873,1887
527,775,527,331,262,775,4873,1887
995,777,995,145,388,777,1646,3284
995,777,995,145,388,777,1746,4479
995,777,995,145,388,777,3420,1832
995,777,995,145,388,777,6018,1856
790,778,790,367,515,778,3399,3555
790,778,790,367,515,778,7263,1204
790,778,790,367,515,778,8317,2318
790,778,790,466,84,778,3399,3555
790,778,790,466,84,778,7263,1204
790,778,790,466,84,778,8317,2318
790,778,790,487,729,778,3399,3555
790,778,790,487,729,778,7263,1204
790,778,790,487,729,778,8317,2318
306,802,306,211,386,802,529,891
306,802,306,211,386,802,6897,2695
834,802,834,228,474,802,529,891
834,802,834,228,474,802,6897,2695
834,802,834,414,52,802,529,891
834,802,834,414,52,802,6897,2695
834,802,834,449,583,802,529,891
834,802,834,449,583,802,6897,2695
36,806,36,13,836,806,1210,3800
36,806,36,263,744,806,1210,3800
36,806,36,493,199,806,1210,3800
522,818,522,373,637,818,4448,3012
522,818,522,373,637,818,4837,2126
522,818,522,373,637,818,5501,4486
522,818,522,375,850,818,4448,3012
522,818,522,375,850,818,4837,2126
522,818,522,375,850,818,5501,4486
692,845,692,68,905,845,4444,2560
692,845,692,86,137,845,4444,2560
692,845,692,208,957,845,4444,2560
692,845,692,382,475,845,4444,2560
702,862,702,228,316,862,1819,253
567,875,567,344,162,875,3059,1819
781,879,781,11,618,879,7533,2159
312,889,312,162,398,889,3091,554
270,898,270,453,756,898,2265,708
270,898,270,453,756,898,4056,3983
270,898,270,492,80,898,2265,708
270,898,270,492,80,898,4056,3983
93,902,93,15,480,902,2580,1143
93,902,93,22,306,902,2580,1143
951,915,951,259,815,915,1552,4357
689,918,689,145,792,918,122,3458
689,918,689,145,792,918,4283,183
689,918,689,145,792,918,8013,2071
689,918,689,244,285,918,122,3458
689,918,689,244,285,918,4283,183
689,918,689,244,285,918,8013,2071
371,924,371,393,187,924,6225,3474
371,924,371,393,187,924,6558,1199
773,936,773,132,104,936,3697,3346
773,936,773,466,688,936,3697,3346
817,936,817,91,411,936,3697,3346
481,940,481,11,888,940,3030,1200
481,940,481,11,888,940,4683,1501
904,944,904,164,188,944,3955,4429
904,944,904,164,188,944,5714,3883
904,944,904,164,188,944,8304,4192
766,978,766,101,40,978,4471,4580
871,992,871,125,93,992,810,3464
871,992,871,133,141,992,810,3464
871,992,871,212,50,992,810,3464
338,1007,338,410,878,1007,662,1643
338,1007,338,410,878,1007,7146,4244
302,1051,302,31,483,1051,8526,1637
302,1051,302,98,425,1051,8526,1637
985,1069,985,371,357,1069,2292,2690
985,1069,985,371,357,1069,3386,2865
648,1095,648,245,588,1095,741,2927
648,1095,648,245,588,1095,4186,4384
101,1098,101,125,87,1098,1722,3497
101,1098,101,125,87,1098,2009,2195
219,1135,219,135,195,1135,4467,735
219,1135,219,226,531,1135,4467,735
98,1139,98,82,798,1139,679,3503
98,1139,98,114,125,1139,679,3503
98,1139,98,498,890,1139,679,3503
915,1189,915,41,750,1189,9822,4653
915,1189,915,45,839,1189,9822,4653
496,1208,496,209,762,1208,4731,1455
496,1208,496,387,667,1208,4731,1455
181,1221,181,420,841,1221,4704,4192
181,1221,181,420,841,1221,8525,479
181,1221,181,420,841,1221,8623,2211
796,1222,796,185,111,1222,6513,2728
742,1233,742,150,670,1233,7630,1644
742,1233,742,325,380,1233,7630,1644
582,1262,582,228,252,1262,8339,705
610,1268,610,182,325,1268,3237,3562
610,1268,610,182,325,1268,6489,481
610,1268,610,182,325,1268,8693,1781
704,1271,704,60,243,1271,3441,4395
822,1273,822,19,142,1273,793,4680
822,1273,822,19,142,1273,5098,3254
822,1273,822,381,566,1273,793,4680
822,1273,822,381,566,1273,5098,3254
271,1290,271,83,826,1290,3474,538
271,1290,271,83,826,1290,4820,2723
271,1290,271,212,561,1290,3474,538
271,1290,271,212,561,1290,4820,2723
567,1306,567,344,162,1306,2621,103
567,1306,567,344,162,1306,8915,1306
132,1316,132,82,220,1316,9325,634
132,1316,132,366,859,1316,9325,634
132,1316,132,478,213,1316,9325,634
266,1316,266,249,458,1316,9325,634
462,1325,462,105,688,1325,5907,707
136,1328,136,125,501,1328,6481,4476
136,1328,136,237,212,1328,6481,4476
136,1328,136,340,183,1328,6481,4476
136,1328,136,456,818,1328,6481,4476
454,1331,454,104,898,1331,3542,1292
454,1331,454,104,898,1331,9140,4871
454,1331,454,179,708,1331,3542,1292
454,1331,454,179,708,1331,9140,4871
454,1331,454,368,98,1331,3542,1292
454,1331,454,368,98,1331,9140,4871
253,1344,253,20,289,1344,601,1820
796,1380,796,185,111,1380,3058,420
692,1381,692,68,905,1381,5182,3899
692,1381,692,86,137,1381,5182,3899
692,1381,692,208,957,1381,5182,3899
692,1381,692,382,475,1381,5182,3899
572,1419,572,62,57,1419,3106,4268
572,1419,572,329,17,1419,3106,4268
572,1419,572,470,782,1419,3106,4268
805,1423,805,484,199,1423,172,1008
805,1423,805,484,199,1423,9089,978
248,1447,248,137,407,1447,7211,623
566,1455,566,415,401,1455,577,523
566,1455,566,415,401,1455,1834,4796
845,1457,845,320,467,1457,9444,1758
845,1457,845,411,294,1457,9444,1758
992,1515,992,274,150,1515,270,4644
992,1515,992,274,150,1515,5983,3123
992,1515,992,274,150,1515,9428,2276
163,1526,163,85,289,1526,2158,655
654,1576,654,342,176,1576,4636,1470
808,1576,808,301,364,1576,4636,1470
761,1586,761,382,201,1586,1168,563
761,1586,761,382,201,1586,8138,1195
150,1592,150,162,70,1592,1782,4161
150,1592,150,162,70,1592,2848,236
347,1620,347,276,645,1620,1037,3401
31,1623,31,473,719,1623,3934,3158
928,1623,928,164,396,1623,3934,3158
495,1624,495,390,73,1624,1412,2731
124,1625,124,80,583,1625,8475,136
124,1625,124,182,328,1625,8475,136
124,1625,124,268,753,1625,8475,136
581,1629,581,83,655,1629,8727,687
581,1629,581,341,934,1629,8727,687
943,1632,943,455,287,1632,1481,1385
547,1660,547,34,410,1660,6209,71
984,1668,984,98,754,1668,9399,2555
984,1668,984,365,458,1668,9399,2555
325,1685,325,67,216,1685,4701,1996
325,1685,325,67,216,1685,9185,851
325,1685,325,472,799,1685,4701,1996
325,1685,325,472,799,1685,9185,851
769,1704,769,93,455,1704,5796,3793
769,1704,769,93,455,1704,6121,1099
769,1704,769,323,242,1704,5796,3793
769,1704,769,323,242,1704,6121,1099
769,1704,769,439,535,1704,5796,3793
769,1704,769,439,535,1704,6121,1099
894,1711,894,286,657,1711,553,1858
894,1711,894,286,657,1711,5485,3261
894,1711,894,286,657,1711,8087,437
850,1736,850,202,93,1736,541,1450
57,1744,57,80,751,1744,1215,594
57,1744,57,80,751,1744,4804,2220
428,1753,428,73,441,1753,6188,2209
428,1753,428,73,441,1753,7978,3953
428,1753,428,318,887,1753,6188,2209
428,1753,428,318,887,1753,7978,3953
428,1753,428,456,119,1753,6188,2209
428,1753,428,456,119,1753,7978,3953
28,1758,28,152,599,1758,503,3635
736,1785,736,63,554,1785,6787,2875
736,1785,736,63,554,1785,7041,1260
736,1785,736,429,384,1785,6787,2875
736,1785,736,429,384,1785,7041,1260
330,1790,330,138,344,1790,4901,2961
330,1790,330,138,344,1790,9058,1708
330,1790,330,294,108,1790,4901,2961
330,1790,330,294,108,1790,9058,1708
330,1790,330,345,580,1790,4901,2961
330,1790,330,345,580,1790,9058,1708
670,1815,670,72,62,1815,7342,3454
121,1848,121,420,259,1848,5694,4540
155,1848,155,390,254,1848,5694,4540
155,1848,155,436,350,1848,5694,4540
888,1859,888,330,919,1859,439,13
888,1859,888,330,919,1859,1629,1333
888,1859,888,330,919,1859,5479,2192
137,1864,137,10,257,1864,5051,400
137,1864,137,175,524,1864,5051,400
137,1864,137,191,884,1864,5051,400
137,1864,137,356,737,1864,5051,400
411,1875,411,133,611,1875,6176,4956
411,1875,411,133,611,1875,6267,4647
66,1880,66,255,371,1880,9285,3648
66,1880,66,354,504,1880,9285,3648
66,1880,66,428,919,1880,9285,3648
20,1881,20,411,940,1881,195,3858
20,1881,20,411,940,1881,3277,3550
20,1881,20,411,940,1881,5052,4551
260,1896,260,29,983,1896,8148,4836
687,1900,687,142,59,1900,6124,1267
546,1907,546,297,560,1907,49,3526
546,1907,546,297,560,1907,6153,1111
546,1907,546,297,560,1907,9323,27
546,1907,546,297,560,1907,9460,2300
73,1918,73,272,661,1918,3552,1115
980,1930,980,481,338,1930,9994,3958
897,1931,897,403,910,1931,8218,4106
897,1931,897,403,910,1931,8436,1585
897,1931,897,465,630,1931,8218,4106
897,1931,897,465,630,1931,8436,1585
897,1931,897,470,549,1931,8218,4106
897,1931,897,470,549,1931,8436,1585
701,1948,701,461,350,1948,2202,4137
755,1970,755,182,369,1970,8243,1509
755,1970,755,352,128,1970,8243,1509
268,1979,268,115,608,1979,555,3617
268,1979,268,115,608,1979,4964,4784
268,1979,268,115,608,1979,5133,1623
310,1979,310,229,323,1979,555,3617
310,1979,310,229,323,1979,4964,4784
310,1979,310,229,323,1979,5133,1623
310,1979,310,483,904,1979,555,3617
310,1979,310,483,904,1979,4964,4784
310,1979,310,483,904,1979,5133,1623
660,1997,660,33,775,1997,1180,4962
660,1997,660,33,775,1997,4593,2393
660,1997,660,33,775,1997,5109,4303
660,1997,660,103,248,1997,1180,4962
660,1997,660,103,248,1997,4593,2393
660,1997,660,103,248,1997,5109,4303
660,1997,660,225,617,1997,1180,4962
660,1997,660,225,617,1997,4593,2393
660,1997,660,225,617,1997,5109,4303
815,2003,815,148,980,2003,9862,2179
545,2054,545,203,913,2054,2161,4326
545,2054,545,203,913,2054,4126,745
282,2062,282,420,158,2062,192,4057
282,2062,282,420,158,2062,3295,300
282,2062,282,420,158,2062,4895,3984
164,2078,164,169,451,2078,1052,30
933,2084,933,134,979,2084,6357,2877
315,2098,315,231,579,2098,3736,4365
315,2098,315,241,880,2098,3736,4365
495,2135,495,390,73,2135,2011,219
495,2135,495,390,73,2135,5592,2822
495,2135,495,390,73,2135,6543,1713
530,2136,530,183,447,2136,5418,708
97,2137,97,216,749,2137,90,3860
97,2137,97,331,67,2137,90,3860
527,2140,527,74,792,2140,5309,101
527,2140,527,331,262,2140,5309,101
815,2141,815,148,980,2141,1715,544
590,2142,590,52,521,2142,4664,2980
590,2142,590,277,504,2142,4664,2980
556,2143,556,44,808,2143,5634,2755
556,2143,556,44,808,2143,9947,2056
302,2150,302,31,483,2150,2347,2354
302,2150,302,98,425,2150,2347,2354
202,2162,202,377,473,2162,3618,2234
553,2171,553,188,605,2171,801,2261
916,2177,916,135,968,2177,7130,2379
281,2209,281,476,122,2209,714,367
281,2209,281,476,122,2209,8728,3412
896,2230,896,86,732,2230,7457,309
896,2230,896,101,954,2230,7457,309
896,2230,896,314,47,2230,7457,309
896,2230,896,495,199,2230,7457,309
37,2231,37,413,373,2231,4352,673
268,2237,268,115,608,2237,4575,4491
383,2243,383,265,34,2243,3999,2614
383,2243,383,265,34,2243,4835,2156
756,2248,756,88,664,2248,269,4371
181,2262,181,420,841,2262,7094,4538
721,2279,721,63,590,2279,8387,421
721,2279,721,177,987,2279,8387,421
721,2288,721,63,590,2288,2503,3709
721,2288,721,177,987,2288,2503,3709
664,2299,664,67,215,2299,8279,783
664,2299,664,67,215,2299,9878,3368
664,2299,664,119,780,2299,8279,783
664,2299,664,119,780,2299,9878,3368
547,2313,547,34,410,2313,4975,3219
598,2333,598,284,385,2333,2992,3131
721,2333,721,63,590,2333,2992,3131
721,2333,721,177,987,2333,2992,3131
121,2356,121,420,259,2356,860,4723
121,2356,121,420,259,2356,7255,1293
293,2356,293,33,793,2356,860,4723
293,2356,293,33,793,2356,7255,1293
445,2357,445,169,781,2357,1647,2450
445,2357,445,232,638,2357,1647,2450
868,2364,868,187,640,2364,3889,2163
868,2364,868,187,640,2364,8853,3377
49,2366,49,453,184,2366,2343,3889
49,2366,49,453,184,2366,3664,3028
165,2368,165,224,727,2368,5970,1240
165,2368,165,254,263,2368,5970,1240
665,2368,665,50,141,2368,5970,1240
665,2368,665,460,292,2368,5970,1240
225,2369,225,114,366,2369,7725,4649
225,2369,225,114,366,2369,8038,4583
225,2369,225,379,850,2369,7725,4649
225,2369,225,379,850,2369,8038,4583
179,2378,179,368,452,2378,5254,1407
407,2387,407,371,695,2387,105,2840
407,2387,407,371,695,2387,282,2130
407,2387,407,371,695,2387,7601,3701
407,2387,407,371,695,2387,8692,508
984,2395,984,98,754,2395,6823,2863
984,2395,984,365,458,2395,6823,2863
242,2434,242,82,843,2434,7589,3248
242,2434,242,468,56,2434,7589,3248
586,2442,586,223,695,2442,761,1326
586,2442,586,347,421,2442,761,1326
24,2449,24,377,627,2449,6787,1206
428,2454,428,73,441,2454,82,3559
428,2454,428,73,441,2454,1867,2072
428,2454,428,318,887,2454,82,3559
428,2454,428,318,887,2454,1867,2072
428,2454,428,456,119,2454,82,3559
428,2454,428,456,119,2454,1867,2072
935,2454,935,68,143,2454,82,3559
935,2454,935,68,143,2454,1867,2072
935,2454,935,382,141,2454,82,3559
935,2454,935,382,141,2454,1867,2072
444,2468,444,437,647,2468,5430,4234
886,2472,886,67,580,2472,5860,2336
229,2479,229,493,878,2479,110,4055
229,2479,229,493,878,2479,303,2385
426,2492,426,238,651,2492,377,3704
426,2492,426,238,651,2492,5914,359
232,2495,232,308,503,2495,2554,3486
232,2495,232,308,503,2495,3012,1817
232,2495,232,458,723,2495,2554,3486
232,2495,232,458,723,2495,3012,1817
296,2535,296,195,901,2535,1400,3088
296,2535,296,195,901,2535,5747,103
873,2536,873,133,500,2536,2010,1042
201,2538,201,347,329,2538,6473,1454
201,2538,201,496,623,2538,6473,1454
919,2558,919,112,311,2558,699,1040
919,2558,919,112,311,2558,1069,2008
919,2558,919,112,311,2558,5482,449
266,2585,266,249,458,2585,4938,4773
266,2585,266,249,458,2585,8754,3163
292,2623,292,62,425,2623,6230,967
292,2623,292,210,197,2623,6230,967
292,2623,292,476,940,2623,6230,967
563,2626,563,160,514,2626,9081,2604
563,2626,563,200,941,2626,9081,2604
704,2646,704,60,243,2646,22,156
268,2655,268,115,608,2655,2621,4934
268,2655,268,115,608,2655,4750,3721
268,2655,268,115,608,2655,9942,3981
575,2676,575,403,744,2676,8097,4765
389,2678,389,373,784,2678,2869,4730
949,2678,949,443,56,2678,2869,4730
362,2680,362,313,147,2680,9152,3279
362,2680,362,470,871,2680,9152,3279
756,2680,756,88,664,2680,9152,3279
660,2690,660,33,775,2690,2029,3696
660,2690,660,33,775,2690,2246,2011
660,2690,660,103,248,2690,2029,3696
660,2690,660,103,248,2690,2246,2011
660,2690,660,225,617,2690,2029,3696
660,2690,660,225,617,2690,2246,2011
355,2696,355,301,556,2696,9199,2923
647,2712,647,128,619,2712,2093,4306
647,2712,647,128,619,2712,8497,4620
647,2712,647,128,619,2712,8552,1366
647,2712,647,382,391,2712,2093,4306
647,2712,647,382,391,2712,8497,4620
647,2712,647,382,391,2712,8552,1366
97,2717,97,216,749,2717,5910,42
97,2717,97,331,67,2717,5910,42
702,2719,702,228,316,2719,2307,4245
188,2746,188,296,807,2746,1354,3944
566,2786,566,415,401,2786,6226,3684
311,2813,311,385,681,2813,1845,698
311,2813,311,437,149,2813,1845,698
273,2821,273,143,452,2821,4065,1769
273,2821,273,143,452,2821,4775,4476
273,2821,273,143,452,2821,9618,3983
273,2821,273,259,14,2821,4065,1769
273,2821,273,259,14,2821,4775,4476
273,2821,273,259,14,2821,9618,3983
942,2824,942,137,242,2824,7652,4727
932,2830,932,140,820,2830,3034,1560
932,2830,932,247,725,2830,3034,1560
367,2842,367,117,444,2842,683,1945
367,2842,367,117,444,2842,3996,2293
367,2842,367,117,444,2842,7222,356
118,2877,118,67,735,2877,1129,1504
118,2877,118,67,735,2877,1979,4021
118,2877,118,67,735,2877,7140,4032
118,2877,118,289,95,2877,1129,1504
118,2877,118,289,95,2877,1979,4021
118,2877,118,289,95,2877,7140,4032
118,2877,118,374,607,2877,1129,1504
118,2877,118,374,607,2877,1979,4021
118,2877,118,374,607,2877,7140,4032
270,2879,270,453,756,2879,9577,170
270,2879,270,492,80,2879,9577,170
269,2884,269,476,454,2884,4629,3723
269,2884,269,476,454,2884,4668,429
359,2894,359,104,294,2894,4394,1220
368,2901,368,112,384,2901,179,4479
368,2901,368,215,448,2901,179,4479
276,2911,276,243,936,2911,2439,1276
276,2911,276,481,90,2911,2439,1276
254,2921,254,74,796,2921,8469,656
864,2921,864,251,480,2921,8469,656
864,2921,864,280,61,2921,8469,656
184,2937,184,331,146,2937,1092,4554
184,2937,184,331,146,2937,6197,247
104,2941,104,159,783,2941,116,2057
104,2941,104,159,783,2941,9114,473
968,2965,968,229,792,2965,2293,1
307,2987,307,258,109,2987,9495,4959
28,3007,28,152,599,3007,2945,1526
416,3019,416,46,22,3019,6375,2130
416,3019,416,357,412,3019,6375,2130
479,3028,479,26,612,3028,3481,1559
479,3028,479,26,612,3028,7721,1407
479,3028,479,489,175,3028,3481,1559
479,3028,479,489,175,3028,7721,1407
221,3030,221,444,861,3030,7082,4777
863,3037,863,102,297,3037,2519,3075
863,3037,863,102,297,3037,7096,3604
746,3051,746,340,899,3051,5789,4086
746,3051,746,384,368,3051,5789,4086
960,3053,960,105,897,3053,4575,1181
960,3053,960,105,897,3053,4921,3713
637,3056,637,355,386,3056,298,3234
637,3056,637,355,386,3056,5622,1577
637,3056,637,355,386,3056,6801,2635
637,3056,637,355,386,3056,8372,1526
286,3060,286,104,304,3060,776,792
286,3060,286,104,304,3060,1555,2901
286,3060,286,204,326,3060,776,792
286,3060,286,204,326,3060,1555,2901
187,3094,187,189,134,3094,4781,3673
187,3094,187,189,134,3094,8889,309
563,3101,563,160,514,3101,9615,965
563,3101,563,200,941,3101,9615,965
852,3150,852,191,954,3150,9438,3866
852,3150,852,480,718,3150,9438,3866
872,3155,872,412,630,3155,3423,4114
872,3155,872,412,630,3155,4194,363
872,3155,872,412,630,3155,5266,1009
60,3159,60,52,744,3159,1177,3594
60,3159,60,349,375,3159,1177,3594
54,3160,54,229,166,3160,1506,447
54,3160,54,229,166,3160,8792,2843
761,3161,761,382,201,3161,860,2462
761,3161,761,382,201,3161,7245,1751
761,3161,761,382,201,3161,8374,3690
238,3172,238,149,879,3172,4699,716
45,3191,45,159,472,3191,5778,1367
536,3192,536,228,512,3192,705,1407
536,3192,536,228,512,3192,1270,1087
536,3192,536,228,512,3192,5993,2638
536,3192,536,228,512,3192,9538,2859
536,3192,536,449,109,3192,705,1407
536,3192,536,449,109,3192,1270,1087
536,3192,536,449,109,3192,5993,2638
536,3192,536,449,109,3192,9538,2859
933,3214,933,134,979,3214,7292,797
822,3215,822,19,142,3215,3344,3954
822,3215,822,381,566,3215,3344,3954
866,3215,866,47,186,3215,3344,3954
246,3217,246,173,543,3217,1836,3221
246,3217,246,173,543,3217,2493,4925
246,3217,246,173,543,3217,6193,4235
246,3217,246,447,946,3217,1836,3221
246,3217,246,447,946,3217,2493,4925
246,3217,246,447,946,3217,6193,4235
742,3217,742,150,670,3217,1836,3221
742,3217,742,150,670,3217,2493,4925
742,3217,742,150,670,3217,6193,4235
742,3217,742,325,380,3217,1836,3221
742,3217,742,325,380,3217,2493,4925
742,3217,742,325,380,3217,6193,4235
352,3243,352,470,477,3243,7601,262
352,3243,352,470,477,3243,9888,295
755,3250,755,182,369,3250,5337,3403
755,3250,755,182,369,3250,5682,2144
755,3250,755,182,369,3250,5971,1878
755,3250,755,182,369,3250,7457,3575
755,3250,755,352,128,3250,5337,3403
755,3250,755,352,128,3250,5682,2144
755,3250,755,352,128,3250,5971,1878
755,3250,755,352,128,3250,7457,3575
479,3253,479,26,612,3253,6997,2569
479,3253,479,489,175,3253,6997,2569
142,3267,142,137,903,3267,7379,4482
545,3273,545,203,913,3273,2869,3083
881,3281,881,430,240,3281,4369,1805
881,3281,881,430,240,3281,4958,666
881,3281,881,430,240,3281,7808,3625
881,3281,881,486,248,3281,4369,1805
881,3281,881,486,248,3281,4958,666
881,3281,881,486,248,3281,7808,3625
313,3283,313,194,98,3283,8340,1380
844,3308,844,10,876,3308,6647,2093
844,3308,844,95,374,3308,6647,2093
997,3328,997,23,782,3328,3491,3856
997,3328,997,23,782,3328,5699,2121
997,3328,997,45,412,3328,3491,3856
997,3328,997,45,412,3328,5699,2121
997,3328,997,235,856,3328,3491,3856
997,3328,997,235,856,3328,5699,2121
834,3334,834,228,474,3334,5477,1900
834,3334,834,414,52,3334,5477,1900
834,3334,834,449,583,3334,5477,1900
639,3335,639,248,245,3335,5223,3992
639,3335,639,248,245,3335,9745,1404
407,3338,407,371,695,3338,5599,1929
407,3338,407,371,695,3338,8259,4291
152,3350,152,62,92,3350,3009,3961
152,3350,152,480,560,3350,3009,3961
564,3366,564,154,406,3366,7792,1697
937,3370,937,262,534,3370,543,2004
937,3370,937,262,534,3370,6657,2159
936,3381,936,17,828,3381,4190,4394
936,3381,936,171,555,3381,4190,4394
738,3383,738,180,396,3383,7882,1876
55,3454,55,99,650,3454,4578,4775
55,3454,55,99,650,3454,6016,612
457,3461,457,122,361,3461,3635,239
936,3463,936,17,828,3463,5257,4708
936,3463,936,171,555,3463,5257,4708
796,3466,796,185,111,3466,8006,88
582,3469,582,228,252,3469,6924,4737
46,3473,46,418,437,3473,9471,2722
40,3475,40,453,667,3475,88,3131
488,3493,488,401,222,3493,2355,1843
488,3493,488,401,222,3493,6768,4145
43,3500,43,14,910,3500,7417,4211
43,3500,43,14,910,3500,9931,578
467,3525,467,25,281,3525,1358,3957
467,3525,467,115,634,3525,1358,3957
467,3525,467,282,383,3525,1358,3957
275,3531,275,34,1000,3531,967,2930
275,3531,275,34,1000,3531,6526,3142
275,3531,275,494,506,3531,967,2930
275,3531,275,494,506,3531,6526,3142
573,3534,573,333,714,3534,3337,3991
573,3534,573,490,617,3534,3337,3991
66,3552,66,255,371,3552,4865,2044
66,3552,66,354,504,3552,4865,2044
66,3552,66,428,919,3552,4865,2044
700,3564,700,44,583,3564,5310,3135
794,3571,794,13,963,3571,1590,4167
794,3571,794,13,963,3571,1998,3516
794,3571,794,62,612,3571,1590,4167
794,3571,794,62,612,3571,1998,3516
635,3577,635,186,393,3577,2224,4979
635,3577,635,186,393,3577,3237,1299
635,3577,635,458,100,3577,2224,4979
635,3577,635,458,100,3577,3237,1299
635,3577,635,484,437,3577,2224,4979
635,3577,635,484,437,3577,3237,1299
860,3591,860,283,708,3591,570,2463
860,3591,860,283,708,3591,6988,1792
810,3600,810,234,105,3600,6457,3942
708,3671,708,66,17,3671,3484,4901
708,3671,708,66,17,3671,3853,1836
708,3671,708,66,17,3671,7474,2170
465,3693,465,376,677,3693,6006,1493
225,3702,225,114,366,3702,1213,320
225,3702,225,114,366,3702,4931,3385
225,3702,225,114,366,3702,9364,3387
225,3702,225,379,850,3702,1213,320
225,3702,225,379,850,3702,4931,3385
225,3702,225,379,850,3702,9364,3387
73,3721,73,272,661,3721,3748,2675
73,3721,73,272,661,3721,5451,3951
842,3723,842,367,727,3723,2593,3392
842,3723,842,367,727,3723,8976,1859
778,3725,778,50,666,3725,2596,3850
778,3725,778,205,923,3725,2596,3850
331,3799,331,440,874,3799,2644,76
194,3800,194,267,976,3800,2836,1017
28,3808,28,152,599,3808,4167,1796
28,3808,28,152,599,3808,7979,173
234,3811,234,50,564,3811,1830,733
234,3811,234,50,564,3811,3221,3516
234,3811,234,50,564,3811,6193,554
135,3812,135,313,866,3812,5415,1457
135,3812,135,479,774,3812,5415,1457
259,3813,259,190,344,3813,1017,2532
259,3813,259,347,112,3813,1017,2532
259,3813,259,424,755,3813,1017,2532
259,3813,259,429,221,3813,1017,2532
259,3813,259,499,683,3813,1017,2532
358,3821,358,282,166,3821,6634,2215
358,3821,358,282,166,3821,7253,191
415,3821,415,214,432,3821,6634,2215
415,3821,415,214,432,3821,7253,191
415,3821,415,384,996,3821,6634,2215
415,3821,415,384,996,3821,7253,191
415,3821,415,387,264,3821,6634,2215
415,3821,415,387,264,3821,7253,191
354,3835,354,178,597,3835,409,1778
354,3835,354,178,597,3835,3046,4734
354,3835,354,225,799,3835,409,1778
354,3835,354,225,799,3835,3046,4734
346,3841,346,295,249,3841,7399,1351
346,3841,346,295,249,3841,7748,3572
664,3886,664,67,215,3886,4753,4449
664,3886,664,119,780,3886,4753,4449
110,3893,110,338,982,3893,6183,947
258,3895,258,154,766,3895,324,2455
125,3903,125,199,948,3903,219,3403
125,3903,125,199,948,3903,571,3349
125,3903,125,460,982,3903,219,3403
125,3903,125,460,982,3903,571,3349
249,3911,249,209,647,3911,4788,3586
720,3922,720,272,768,3922,1648,95
787,3947,787,215,626,3947,4091,726
787,3947,787,497,615,3947,4091,726
60,3962,60,52,744,3962,6836,2484
60,3962,60,349,375,3962,6836,2484
293,4055,293,33,793,4055,9718,4298
216,4057,216,14,281,4057,5927,3230
216,4057,216,21,670,4057,5927,3230
216,4057,216,91,330,4057,5927,3230
216,4057,216,93,944,4057,5927,3230
696,4087,696,314,336,4087,2191,772
696,4087,696,444,768,4087,2191,772
696,4090,696,314,336,4090,4148,3088
696,4090,696,444,768,4090,4148,3088
31,4091,31,473,719,4091,4541,622
31,4091,31,473,719,4091,5487,1126
31,4091,31,473,719,4091,9251,3089
727,4108,727,32,924,4108,9823,1799
831,4126,831,247,468,4126,710,1633
831,4126,831,476,396,4126,710,1633
831,4126,831,483,427,4126,710,1633
493,4142,493,456,684,4142,888,2488
922,4152,922,198,795,4152,4567,2692
922,4152,922,198,795,4152,6012,656
922,4152,922,252,210,4152,4567,2692
922,4152,922,252,210,4152,6012,656
978,4173,978,403,353,4173,6454,3420
219,4193,219,135,195,4193,2293,3742
219,4193,219,135,195,4193,9124,1621
219,4193,219,226,531,4193,2293,3742
219,4193,219,226,531,4193,9124,1621
701,4202,701,461,350,4202,1056,3730
701,4202,701,461,350,4202,3524,1126
701,4202,701,461,350,4202,7702,687
682,4205,682,347,217,4205,99,4914
682,4205,682,347,217,4205,3476,455
891,4222,891,207,866,4222,2053,579
891,4222,891,207,866,4222,9814,3596
550,4227,550,214,246,4227,3917,1713
119,4234,119,360,933,4234,5492,1067
358,4241,358,282,166,4241,3538,3946
358,4241,358,282,166,4241,7673,3149
646,4272,646,345,731,4272,411,4834
646,4272,646,345,731,4272,3085,2520
232,4280,232,308,503,4280,494,549
232,4280,232,308,503,4280,5011,3974
232,4280,232,458,723,4280,494,549
232,4280,232,458,723,4280,5011,3974
654,4290,654,342,176,4290,264,3484
654,4290,654,342,176,4290,8816,2352
557,4299,557,272,721,4299,7711,4475
557,4299,557,362,108,4299,7711,4475
557,4299,557,485,813,4299,7711,4475
377,4309,377,372,776,4309,2222,1686
129,4310,129,179,333,4310,5909,713
129,4310,129,453,816,4310,5909,713
993,4333,993,274,682,4333,9432,4195
51,4360,51,285,484,4360,4892,52
16,4374,16,377,340,4374,9285,3827
645,4378,645,55,808,4378,1777,4300
645,4378,645,55,808,4378,4941,821
645,4378,645,55,808,4378,5347,355
645,4378,645,447,754,4378,1777,4300
645,4378,645,447,754,4378,4941,821
645,4378,645,447,754,4378,5347,355
615,4409,615,384,359,4409,3261,1785
894,4409,894,286,657,4409,3261,1785
928,4409,928,164,396,4409,3261,1785
941,4409,941,36,330,4409,3261,1785
332,4415,332,102,566,4415,3767,860
553,4445,553,188,605,4445,1410,2766
553,4445,553,188,605,4445,9023,1238
553,4445,553,188,605,4445,9274,306
553,4445,553,188,605,4445,9951,3843
802,4456,802,116,145,4456,4369,2887
129,4458,129,179,333,4458,5859,1008
129,4458,129,453,816,4458,5859,1008
882,4485,882,26,788,4485,9685,2642
882,4485,882,362,264,4485,9685,2642
705,4495,705,50,291,4495,7322,4364
705,4495,705,137,239,4495,7322,4364
29,4499,29,45,772,4499,9694,4557
162,4508,162,16,494,4508,7414,51
162,4508,162,416,496,4508,7414,51
579,4518,579,380,766,4518,1811,271
579,4518,579,380,766,4518,7563,1585
936,4518,936,17,828,4518,1811,271
936,4518,936,17,828,4518,7563,1585
936,4518,936,171,555,4518,1811,271
936,4518,936,171,555,4518,7563,1585
615,4528,615,384,359,4528,230,2231
615,4528,615,384,359,4528,484,4629
167,4531,167,227,349,4531,1413,3890
145,4568,145,315,143,4568,5582,1722
673,4572,673,247,936,4572,2006,4122
249,4581,249,209,647,4581,3461,2947
39,4584,39,238,772,4584,2098,2332
39,4584,39,238,772,4584,9021,2914
39,4584,39,238,772,4584,9719,3776
39,4584,39,400,863,4584,2098,2332
39,4584,39,400,863,4584,9021,2914
39,4584,39,400,863,4584,9719,3776
228,4621,228,23,302,4621,5528,4587
805,4651,805,484,199,4651,2631,1158
457,4653,457,122,361,4653,1295,1464
904,4713,904,164,188,4713,2092,4411
758,4721,758,204,214,4721,5675,2983
758,4721,758,204,214,4721,5871,4255
69,4727,69,395,934,4727,996,3992
69,4727,69,395,934,4727,3631,2980
69,4727,69,395,934,4727,4948,2912
69,4727,69,419,474,4727,996,3992
69,4727,69,419,474,4727,3631,2980
69,4727,69,419,474,4727,4948,2912
556,4737,556,44,808,4737,4431,4570
550,4738,550,214,246,4738,8579,3995
804,4739,804,218,46,4739,6909,4675
265,4740,265,244,586,4740,2789,198
265,4740,265,244,586,4740,4533,4459
265,4740,265,244,586,4740,6732,3391
276,4740,276,243,936,4740,2789,198
276,4740,276,243,936,4740,4533,4459
276,4740,276,243,936,4740,6732,3391
276,4740,276,481,90,4740,2789,198
276,4740,276,481,90,4740,4533,4459
276,4740,276,481,90,4740,6732,3391
226,4753,226,160,474,4753,3471,114
226,4753,226,160,474,4753,3695,3349
490,4758,490,390,960,4758,9782,4104
947,4764,947,304,954,4764,7296,679
842,4765,842,367,727,4765,8317,513
842,4765,842,367,727,4765,9765,4819
505,4769,505,146,110,4769,715,2416
505,4769,505,146,110,4769,9273,4756
505,4769,505,279,566,4769,715,2416
505,4769,505,279,566,4769,9273,4756
612,4776,612,228,409,4776,3217,261
612,4776,612,228,409,4776,5265,2548
612,4776,612,491,913,4776,3217,261
612,4776,612,491,913,4776,5265,2548
939,4782,939,155,646,4782,1372,441
939,4782,939,350,602,4782,1372,441
222,4791,222,236,694,4791,2083,1280
668,4797,668,455,699,4797,3310,1995
630,4809,630,14,173,4809,2590,1153
630,4809,630,14,173,4809,5791,23
630,4809,630,149,132,4809,2590,1153
630,4809,630,149,132,4809,5791,23
630,4809,630,271,130,4809,2590,1153
630,4809,630,271,130,4809,5791,23
630,4809,630,399,782,4809,2590,1153
630,4809,630,399,782,4809,5791,23
630,4809,630,493,623,4809,2590,1153
630,4809,630,493,623,4809,5791,23
36,4816,36,13,836,4816,3557,2237
36,4816,36,263,744,4816,3557,2237
36,4816,36,493,199,4816,3557,2237
482,4833,482,145,102,4833,1029,100
482,4833,482,145,102,4833,4594,2027
667,4847,667,114,78,4847,8194,1268
37,4855,37,413,373,4855,3468,1089
235,4877,235,17,291,4877,4996,4977
235,4877,235,243,558,4877,4996,4977
235,4877,235,248,866,4877,4996,4977
550,4891,550,214,246,4891,8522,3461
947,4893,947,304,954,4893,5832,922
160,4897,160,28,610,4897,2018,933
702,4931,702,228,316,4931,5393,2488
336,4936,336,96,273,4936,1213,4874
336,4936,336,96,273,4936,3032,2489
336,4936,336,96,273,4936,4652,4036
578,4962,578,94,562,4962,6033,4517
578,4962,578,94,562,4962,6610,3131
578,4962,578,94,562,4962,7385,3274
578,4962,578,389,611,4962,6033,4517
578,4962,578,389,611,4962,6610,3131
578,4962,578,389,611,4962,7385,3274
707,4969,707,127,814,4969,5125,871
707,4969,707,335,905,4969,5125,871
707,4969,707,345,44,4969,5125,871
707,4969,707,465,742,4969,5125,871
197,4990,197,205,102,4990,5102,3996
270,4993,270,453,756,4993,4730,1502
270,4993,270,492,80,4993,4730,1502
