10,4540,10,58,997
10,4729,10,58,997
16,4374,16,377,340
17,359,17,287,943
18,89,18,113,584
18,89,18,131,828
19,1474,19,352,179
20,1881,20,411,940
24,278,24,377,627
24,2449,24,377,627
26,4522,26,154,274
26,4522,26,304,652
28,172,28,152,599
28,1758,28,152,599
28,3007,28,152,599
28,3808,28,152,599
29,4499,29,45,772
31,1623,31,473,719
31,4091,31,473,719
33,4684,33,452,121
33,4684,33,471,229
36,806,36,13,836
36,806,36,263,744
36,806,36,493,199
36,4816,36,13,836
36,4816,36,263,744
36,4816,36,493,199
37,2231,37,413,373
37,4855,37,413,373
39,4584,39,238,772
39,4584,39,400,863
40,3475,40,453,667
43,3500,43,14,910
45,3191,45,159,472
46,3473,46,418,437
47,511,47,81,791
48,2729,48,161,917
48,2729,48,395,696
49,197,49,453,184
49,2366,49,453,184
51,4360,51,285,484
54,3160,54,229,166
55,3454,55,99,650
57,1744,57,80,751
60,299,60,52,744
60,299,60,349,375
60,3159,60,52,744
60,3159,60,349,375
60,3532,60,52,744
60,3532,60,349,375
60,3962,60,52,744
60,3962,60,349,375
66,1880,66,255,371
66,1880,66,354,504
66,1880,66,428,919
66,2462,66,255,371
66,2462,66,354,504
66,2462,66,428,919
66,3552,66,255,371
66,3552,66,354,504
66,3552,66,428,919
67,3765,67,92,754
68,400,68,153,703
68,400,68,366,448
68,400,68,469,117
69,4727,69,395,934
69,4727,69,419,474
71,1562,71,119,886
73,1918,73,272,661
73,3721,73,272,661
76,1219,76,165,219
76,1219,76,243,881
83,580,83,420,210
84,4421,84,27,384
85,979,85,93,812
91,2811,91,286,715
91,2811,91,358,151
92,1236,92,382,760
93,128,93,15,480
93,128,93,22,306
93,902,93,15,480
93,902,93,22,306
93,4701,93,15,480
93,4701,93,22,306
94,4510,94,124,297
94,4510,94,157,226
94,4510,94,459,897
97,2137,97,216,749
97,2137,97,331,67
97,2717,97,216,749
97,2717,97,331,67
98,1139,98,82,798
98,1139,98,114,125
98,1139,98,498,890
99,698,99,20,757
99,698,99,258,507
