1,2453,284
1,5580,4737
3,5888,1345
4,1678,556
5,299,486
7,5141,1847
7,6464,1713
10,7846,2580
10,9529,1826
11,2431,2555
11,4037,3698
11,4895,397
13,8214,492
13,9227,746
14,7287,2126
15,1198,2430
15,8292,4894
16,331,2161
16,1192,1248
17,4124,983
17,4147,4713
20,4650,1364
20,7749,2107
21,9196,858
22,9421,3588
26,5395,2681
27,2444,3121
28,992,4487
28,1948,1849
28,3616,4723
28,5381,3985
28,7114,3312
28,8106,2116
30,643,2005
30,7198,525
34,3440,2144
34,8211,976
35,2693,2857
35,5169,3006
39,528,2129
42,4865,1792
43,1277,3663
43,8103,3131
45,8061,1511
46,8753,2083
47,4202,2241
48,8301,1955
49,6116,2614
