1723,262,494,262,376
1723,262,937,262,534
4802,428,734,428,55
4802,428,366,428,562
4802,428,66,428,919
4802,428,697,428,379
3653,166,130,166,347
1776,362,882,362,264
1776,362,557,362,108
2826,144,329,144,431
2826,144,156,144,173
2375,92,67,92,754
2375,92,230,92,121
2375,92,876,92,847
2375,92,841,92,326
8,407,851,407,26
769,484,805,484,199
769,484,635,484,437
3547,427,929,427,264
3547,427,255,427,163
882,411,845,411,294
882,411,763,411,388
882,411,795,411,949
882,411,20,411,940
882,411,958,411,428
882,411,70,411,796
495,227,167,227,349
495,227,375,227,482
4707,251,309,251,605
4707,251,864,251,480
3553,370,471,370,67
2456,375,522,375,850
3423,443,652,443,848
3423,443,447,443,355
3423,443,949,443,56
1476,190,966,190,566
1476,190,259,190,344
1453,419,69,419,474
3517,486,280,486,340
3517,486,786,486,527
3517,486,881,486,248
4585,47,439,47,709
4585,47,866,47,186
4585,47,786,47,480
4585,47,263,47,428
2893,239,509,239,795
2893,239,398,239,291
2934,305,685,305,197
2934,305,775,305,669
3929,126,824,126,706
464,83,581,83,655
464,83,491,83,581
464,83,271,83,826
464,83,813,83,817
877,120,507,120,897
3062,65,558,65,587
1649,481,276,481,90
1649,481,980,481,338
4753,125,136,125,501
4753,125,537,125,377
4753,125,101,125,87
4753,125,262,125,976
4753,125,871,125,93
1341,494,275,494,506
2399,374,118,374,607
2993,123,301,123,487
2136,347,682,347,217
2136,347,586,347,421
2136,347,201,347,329
2136,347,259,347,112
711,120,507,120,897
270,125,136,125,501
270,125,537,125,377
270,125,101,125,87
270,125,262,125,976
270,125,871,125,93
4704,360,119,360,933
4704,360,780,360,678
4704,360,693,360,394
3381,180,738,180,396
3273,274,847,274,285
3273,274,993,274,682
3273,274,992,274,150
206,352,19,352,179
206,352,755,352,128
4150,39,730,39,506
4419,53,199,53,55
1428,443,652,443,848
1428,443,447,443,355
1428,443,949,443,56
93,128,647,128,619
93,128,775,128,980
93,128,539,128,671
2611,71,267,71,957
917,447,246,447,946
917,447,350,447,384
917,447,645,447,754
2861,289,118,289,95
2353,346,500,346,844
2353,346,343,346,156
4041,171,936,171,555
4041,171,542,171,538
1130,389,578,389,611
2264,382,935,382,141
2264,382,692,382,475
2264,382,647,382,391
2264,382,322,382,611
2264,382,761,382,201
2264,382,279,382,880
2264,382,425,382,787
2264,382,92,382,760
2264,382,927,382,84
2226,15,93,15,480
2226,15,924,15,214
3581,319,77,319,572
3581,319,341,319,77
3581,319,784,319,329
3546,163,196,163,171
3340,179,454,179,708
3340,179,129,179,333
3340,179,114,179,829
278,205,778,205,923
278,205,953,205,33
278,205,197,205,102
2752,311,686,311,195
2752,311,717,311,219
1700,496,201,496,623
1700,496,574,496,431
1436,275,153,275,353
320,311,686,311,195
320,311,717,311,219
3411,41,915,41,750
3467,117,367,117,444
1564,114,225,114,366
1564,114,430,114,282
1564,114,771,114,724
1564,114,667,114,78
1564,114,994,114,597
1564,114,98,114,125
2463,105,462,105,688
2463,105,960,105,897
650,124,94,124,297
2756,147,287,147,634
2515,375,522,375,850
4389,323,769,323,242
4389,323,267,323,701
1526,477,374,477,103
1526,477,353,477,916
1526,477,795,477,44
2582,140,932,140,820
797,385,713,385,423
797,385,311,385,681
797,385,366,385,843
3226,102,332,102,566
3226,102,780,102,615
3226,102,361,102,980
3226,102,863,102,297
1350,195,296,195,901
853,230,629,230,77
522,75,186,75,670
936,451,274,451,466
936,451,304,451,335
1065,142,847,142,754
1065,142,344,142,429
1065,142,628,142,740
1065,142,687,142,59
3206,125,136,125,501
3206,125,537,125,377
3206,125,101,125,87
3206,125,262,125,976
3206,125,871,125,93
3921,446,409,446,324
3921,446,374,446,479
943,315,145,315,143
943,315,274,315,760
943,315,320,315,767
943,315,279,315,150
3123,268,349,268,890
3123,268,124,268,753
3123,268,683,268,811
3123,268,183,268,242
2092,17,235,17,291
2092,17,504,17,498
2092,17,174,17,574
2092,17,936,17,828
3083,340,364,340,470
3083,340,136,340,183
3083,340,341,340,414
3083,340,746,340,899
4439,431,70,431,69
4527,137,705,137,239
4527,137,977,137,581
4527,137,142,137,903
4527,137,248,137,407
4527,137,942,137,242
4182,12,821,12,508
4182,12,691,12,285
4182,12,594,12,631
4634,281,592,281,331
4634,281,398,281,489
2337,110,927,110,41
3016,441,775,441,643
4453,135,916,135,968
4453,135,219,135,195
3893,312,115,312,765
2481,352,19,352,179
2481,352,755,352,128
4480,489,479,489,175
4480,489,955,489,245
2814,280,864,280,61
4023,68,692,68,905
4023,68,935,68,143
2387,33,541,33,64
2387,33,209,33,180
2387,33,660,33,775
2387,33,196,33,979
2387,33,293,33,793
3455,355,637,355,386
3455,355,838,355,968
3347,196,63,196,655
3409,494,275,494,506
3387,39,730,39,506
3398,396,439,396,123
3270,133,871,133,141
3270,133,411,133,611
3270,133,873,133,500
3263,496,201,496,623
3263,496,574,496,431
3031,412,308,412,339
3031,412,872,412,630
1712,340,364,340,470
1712,340,136,340,183
1712,340,341,340,414
1712,340,746,340,899
2789,254,165,254,263
2789,254,771,254,322
1829,53,199,53,55
1913,376,141,376,642
1913,376,400,376,940
1913,376,465,376,677
1913,376,455,376,703
1913,376,205,376,437
3829,239,509,239,795
3829,239,398,239,291
4178,244,265,244,586
4178,244,689,244,285
468,106,341,106,162
2755,363,198,363,800
2437,248,420,248,155
2437,248,807,248,141
2437,248,639,248,245
2437,248,235,248,866
2380,442,272,442,770
831,152,28,152,599
1310,346,500,346,844
1310,346,343,346,156
4321,317,856,317,341
2345,436,892,436,729
2345,436,502,436,740
2345,436,155,436,350
1797,306,628,306,580
1797,306,924,306,381
1324,190,966,190,566
1324,190,259,190,344
2689,325,742,325,380
3331,414,834,414,52
3331,414,209,414,482
4958,284,598,284,385
4958,284,958,284,494
4334,30,301,30,353
4334,30,206,30,987
3799,43,113,43,33
137,191,852,191,954
137,191,735,191,371
137,191,529,191,614
137,191,678,191,841
942,142,847,142,754
942,142,344,142,429
942,142,628,142,740
942,142,687,142,59
337,432,380,432,276
2655,268,349,268,890
2655,268,124,268,753
2655,268,683,268,811
2655,268,183,268,242
413,276,895,276,403
413,276,347,276,645
4683,281,592,281,331
4683,281,398,281,489
3385,320,845,320,467
3342,489,479,489,175
3342,489,955,489,245
2289,476,831,476,396
2289,476,269,476,454
2289,476,281,476,122
2289,476,292,476,940
3352,373,551,373,220
3352,373,413,373,690
3352,373,389,373,784
3352,373,522,373,637
3352,373,683,373,305
1994,338,110,338,982
1994,338,209,338,784
68,400,903,400,762
68,400,447,400,161
68,400,39,400,863
4267,45,284,45,94
4267,45,915,45,839
4267,45,957,45,360
4267,45,29,45,772
4267,45,997,45,412
3213,285,198,285,527
3213,285,51,285,484
3213,285,753,285,527
722,73,428,73,441
722,73,923,73,233
722,73,903,73,23
4562,273,655,273,200
4562,273,356,273,15
382,459,94,459,897
382,459,262,459,331
382,459,777,459,574
1297,390,495,390,73
1297,390,490,390,960
1297,390,155,390,254
3604,29,260,29,983
3259,416,972,416,833
3259,416,162,416,496
1423,320,845,320,467
4422,12,821,12,508
4422,12,691,12,285
4422,12,594,12,631
1641,419,69,419,474
730,313,135,313,866
730,313,362,313,147
1663,184,911,184,21
1663,184,301,184,428
3707,460,940,460,14
3707,460,665,460,292
3707,460,144,460,804
3707,460,190,460,312
3707,460,125,460,982
1238,128,647,128,619
1238,128,775,128,980
1238,128,539,128,671
3200,151,256,151,721
3200,151,183,151,502
3255,378,477,378,915
2847,135,916,135,968
2847,135,219,135,195
683,22,93,22,306
683,22,329,22,944
683,22,574,22,388
683,22,456,22,641
2045,330,888,330,919
2045,330,592,330,140
2045,330,299,330,389
4100,318,428,318,887
3089,379,114,379,351
3089,379,225,379,850
1351,67,664,67,215
1351,67,325,67,216
1351,67,118,67,735
1351,67,886,67,580
1351,67,176,67,775
1351,67,531,67,132
3012,273,655,273,200
3012,273,356,273,15
1204,459,94,459,897
1204,459,262,459,331
1204,459,777,459,574
4111,275,153,275,353
3407,257,357,257,370
1988,69,224,69,686
4924,232,445,232,638
1827,78,290,78,732
996,428,734,428,55
996,428,366,428,562
996,428,66,428,919
996,428,697,428,379
1179,499,669,499,64
1179,499,259,499,683
1141,334,180,334,433
1141,334,87,334,834
4214,323,769,323,242
4214,323,267,323,701
1809,481,276,481,90
1809,481,980,481,338
2657,78,290,78,732
1887,340,364,340,470
1887,340,136,340,183
1887,340,341,340,414
1887,340,746,340,899
494,134,930,134,303
494,134,933,134,979
633,490,518,490,805
633,490,318,490,742
633,490,573,490,617
4542,451,274,451,466
4542,451,304,451,335
220,38,261,38,745
2375,71,267,71,957
2205,384,615,384,359
2205,384,746,384,368
2205,384,415,384,996
1873,60,780,60,495
1873,60,316,60,343
1873,60,245,60,726
1873,60,704,60,243
3057,187,868,187,640
2474,357,435,357,929
2474,357,416,357,412
3411,444,198,444,408
3411,444,221,444,861
3411,444,696,444,768
3411,444,762,444,647
4678,169,445,169,781
4678,169,940,169,114
4678,169,656,169,964
4678,169,164,169,451
4999,377,202,377,473
4999,377,24,377,627
4999,377,593,377,840
4999,377,16,377,340
4184,453,484,453,559
4184,453,49,453,184
4184,453,270,453,756
4184,453,40,453,667
4184,453,129,453,816
2249,243,235,243,558
2249,243,719,243,430
2249,243,500,243,88
2249,243,412,243,683
2249,243,955,243,342
2249,243,76,243,881
2249,243,276,243,936
1194,52,60,52,744
1194,52,590,52,521
362,320,845,320,467
2473,497,787,497,615
2473,497,63,497,574
106,278,81,278,918
3349,418,46,418,437
3349,418,662,418,929
4294,374,118,374,607
4925,230,629,230,77
168,263,36,263,744
4024,370,471,370,67
1613,291,468,291,261
1613,291,141,291,281
1613,291,628,291,582
4805,374,118,374,607
1725,22,93,22,306
1725,22,329,22,944
1725,22,574,22,388
1725,22,456,22,641
4023,330,888,330,919
4023,330,592,330,140
4023,330,299,330,389
1962,43,113,43,33
1266,289,118,289,95
1496,373,551,373,220
1496,373,413,373,690
1496,373,389,373,784
1496,373,522,373,637
1496,373,683,373,305
49,197,393,197,369
49,197,585,197,166
49,197,628,197,465
687,187,868,187,640
1745,25,410,25,882
1745,25,467,25,281
1745,25,568,25,67
2868,478,132,478,213
808,87,113,87,827
2031,230,629,230,77
1246,113,133,113,418
1246,113,90,113,158
1246,113,18,113,584
2676,45,284,45,94
2676,45,915,45,839
2676,45,957,45,360
2676,45,29,45,772
2676,45,997,45,412
3822,86,692,86,137
3822,86,896,86,732
105,49,63,49,182
3781,230,629,230,77
2347,161,48,161,917
2347,161,824,161,628
2347,161,638,161,355
2347,161,917,161,234
3719,287,17,287,943
4679,489,479,489,175
4679,489,955,489,245
4327,151,256,151,721
4327,151,183,151,502
1397,259,898,259,392
1397,259,273,259,14
1397,259,793,259,306
1397,259,284,259,904
1397,259,951,259,815
4521,153,68,153,703
4521,153,534,153,439
1897,73,428,73,441
1897,73,923,73,233
1897,73,903,73,23
1528,53,199,53,55
1907,162,150,162,70
1907,162,312,162,398
2129,415,279,415,915
2129,415,856,415,173
2129,415,566,415,401
2129,415,967,415,870
4869,248,420,248,155
4869,248,807,248,141
4869,248,639,248,245
4869,248,235,248,866
3798,109,489,109,937
1988,319,77,319,572
1988,319,341,319,77
1988,319,784,319,329
2802,285,198,285,527
2802,285,51,285,484
2802,285,753,285,527
1113,405,987,405,414
4017,44,700,44,583
4017,44,556,44,808
1036,362,882,362,264
1036,362,557,362,108
4668,180,738,180,396
4555,121,283,121,628
4555,121,319,121,451
2071,171,936,171,555
2071,171,542,171,538
1477,355,637,355,386
