10,4540,10,58,997
10,4729,10,58,997
16,4374,16,377,340
17,359,17,287,943
18,89,18,113,584
18,89,18,131,828
19,1474,19,352,179
20,1881,20,411,940
24,278,24,377,627
24,2449,24,377,627
26,4522,26,154,274
26,4522,26,304,652
28,172,28,152,599
28,1758,28,152,599
28,3007,28,152,599
28,3808,28,152,599
29,4499,29,45,772
31,1623,31,473,719
31,4091,31,473,719
33,4684,33,452,121
33,4684,33,471,229
36,806,36,13,836
36,806,36,263,744
36,806,36,493,199
36,4816,36,13,836
36,4816,36,263,744
36,4816,36,493,199
37,2231,37,413,373
37,4855,37,413,373
39,4584,39,238,772
39,4584,39,400,863
40,3475,40,453,667
43,3500,43,14,910
45,3191,45,159,472
46,3473,46,418,437
47,511,47,81,791
48,2729,48,161,917
48,2729,48,395,696
49,197,49,453,184
49,2366,49,453,184
51,4360,51,285,484
54,3160,54,229,166
55,3454,55,99,650
57,1744,57,80,751
60,299,60,52,744
60,299,60,349,375
60,3159,60,52,744
60,3159,60,349,375
60,3532,60,52,744
60,3532,60,349,375
60,3962,60,52,744
60,3962,60,349,375
66,1880,66,255,371
66,1880,66,354,504
66,1880,66,428,919
66,2462,66,255,371
66,2462,66,354,504
66,2462,66,428,919
66,3552,66,255,371
66,3552,66,354,504
66,3552,66,428,919
67,3765,67,92,754
68,400,68,153,703
68,400,68,366,448
68,400,68,469,117
69,4727,69,395,934
69,4727,69,419,474
71,1562,71,119,886
73,1918,73,272,661
73,3721,73,272,661
76,1219,76,165,219
76,1219,76,243,881
83,580,83,420,210
84,4421,84,27,384
85,979,85,93,812
91,2811,91,286,715
91,2811,91,358,151
92,1236,92,382,760
93,128,93,15,480
93,128,93,22,306
93,902,93,15,480
93,902,93,22,306
93,4701,93,15,480
93,4701,93,22,306
94,4510,94,124,297
94,4510,94,157,226
94,4510,94,459,897
97,2137,97,216,749
97,2137,97,331,67
97,2717,97,216,749
97,2717,97,331,67
98,1139,98,82,798
98,1139,98,114,125
98,1139,98,498,890
99,698,99,20,757
99,698,99,258,507
101,1098,101,125,87
101,4565,101,125,87
104,2941,104,159,783
104,4579,104,159,783
106,278,106,300,272
109,1427,109,392,626
109,3934,109,392,626
110,3893,110,338,982
118,2877,118,67,735
118,2877,118,289,95
118,2877,118,374,607
119,4234,119,360,933
121,1848,121,420,259
121,2356,121,420,259
124,1625,124,80,583
124,1625,124,182,328
124,1625,124,268,753
124,1697,124,80,583
124,1697,124,182,328
124,1697,124,268,753
125,3903,125,199,948
125,3903,125,460,982
129,4310,129,179,333
129,4310,129,453,816
129,4458,129,179,333
129,4458,129,453,816
132,1316,132,82,220
132,1316,132,366,859
132,1316,132,478,213
134,161,134,198,913
135,3812,135,313,866
135,3812,135,479,774
136,1328,136,125,501
136,1328,136,237,212
136,1328,136,340,183
136,1328,136,456,818
137,191,137,10,257
137,191,137,175,524
137,191,137,191,884
137,191,137,356,737
137,1864,137,10,257
137,1864,137,175,524
137,1864,137,191,884
137,1864,137,356,737
141,2792,141,291,281
141,2792,141,376,642
141,3445,141,291,281
141,3445,141,376,642
142,3267,142,137,903
142,4012,142,137,903
145,4568,145,315,143
150,1592,150,162,70
152,3350,152,62,92
152,3350,152,480,560
155,1848,155,390,254
155,1848,155,436,350
157,1584,157,84,522
157,1584,157,310,513
157,1994,157,84,522
157,1994,157,310,513
160,755,160,28,610
160,3318,160,28,610
160,4897,160,28,610
162,37,162,16,494
162,37,162,416,496
162,4508,162,16,494
162,4508,162,416,496
163,1526,163,85,289
164,2078,164,169,451
165,267,165,224,727
165,267,165,254,263
165,446,165,224,727
165,446,165,254,263
165,2368,165,224,727
165,2368,165,254,263
167,4531,167,227,349
171,3193,171,222,781
174,4282,174,17,574
174,4282,174,63,878
174,4282,174,283,161
178,594,178,175,487
179,2378,179,368,452
181,1221,181,420,841
181,2262,181,420,841
184,2937,184,331,146
187,3094,187,189,134
188,2509,188,296,807
188,2746,188,296,807
189,1653,189,310,232
194,54,194,267,976
194,3800,194,267,976
196,333,196,33,979
196,333,196,163,171
196,333,196,458,16
196,3445,196,33,979
196,3445,196,163,171
196,3445,196,458,16
197,4387,197,205,102
197,4990,197,205,102
201,2538,201,347,329
201,2538,201,496,623
202,2162,202,377,473
206,352,206,30,987
206,3576,206,30,987
207,160,207,393,239
215,2576,215,74,723
215,2576,215,361,647
215,3055,215,74,723
215,3055,215,361,647
216,4057,216,14,281
216,4057,216,21,670
216,4057,216,91,330
216,4057,216,93,944
218,317,218,492,481
219,1135,219,135,195
219,1135,219,226,531
219,4193,219,135,195
219,4193,219,226,531
221,3030,221,444,861
222,4791,222,236,694
225,1653,225,114,366
225,1653,225,379,850
225,2369,225,114,366
225,2369,225,379,850
225,3702,225,114,366
225,3702,225,379,850
226,4753,226,160,474
228,4621,228,23,302
229,2479,229,493,878
232,2495,232,308,503
232,2495,232,458,723
232,4280,232,308,503
232,4280,232,458,723
234,3811,234,50,564
235,4877,235,17,291
235,4877,235,243,558
235,4877,235,248,866
238,3172,238,149,879
241,2532,241,267,233
242,2434,242,82,843
242,2434,242,468,56
245,2806,245,26,746
245,2806,245,60,726
246,3217,246,173,543
246,3217,246,447,946
248,1447,248,137,407
249,3911,249,209,647
249,4581,249,209,647
251,887,251,267,157
251,887,251,450,505
252,3031,252,256,577
252,3323,252,256,577
253,1344,253,20,289
254,2921,254,74,796
256,439,256,151,721
256,439,256,159,299
256,3476,256,151,721
256,3476,256,159,299
257,1284,257,372,779
257,1284,257,464,126
257,4752,257,372,779
257,4752,257,464,126
258,3895,258,154,766
259,3813,259,190,344
259,3813,259,347,112
259,3813,259,424,755
259,3813,259,429,221
259,3813,259,499,683
260,1896,260,29,983
265,4740,265,244,586
266,1316,266,249,458
266,2585,266,249,458
266,4133,266,249,458
267,4992,267,21,443
267,4992,267,71,957
267,4992,267,323,701
267,4992,267,429,343
268,248,268,115,608
268,1979,268,115,608
268,2237,268,115,608
268,2655,268,115,608
269,2884,269,476,454
270,125,270,453,756
270,125,270,492,80
270,266,270,453,756
270,266,270,492,80
270,898,270,453,756
270,898,270,492,80
270,2879,270,453,756
270,2879,270,492,80
270,4993,270,453,756
270,4993,270,492,80
271,1290,271,83,826
271,1290,271,212,561
273,2821,273,143,452
273,2821,273,259,14
274,4850,274,315,760
274,4850,274,451,466
275,3531,275,34,1000
275,3531,275,494,506
276,2911,276,243,936
276,2911,276,481,90
276,4740,276,243,936
276,4740,276,481,90
281,2209,281,476,122
282,2062,282,420,158
282,4481,282,420,158
286,907,286,104,304
286,907,286,204,326
286,3060,286,104,304
286,3060,286,204,326
289,570,289,155,72
292,2623,292,62,425
292,2623,292,210,197
292,2623,292,476,940
293,2356,293,33,793
293,4055,293,33,793
296,2535,296,195,901
302,1051,302,31,483
302,1051,302,98,425
302,2150,302,31,483
302,2150,302,98,425
303,652,303,361,984
304,2452,304,11,292
304,2452,304,451,335
306,802,306,211,386
307,2987,307,258,109
310,1979,310,229,323
310,1979,310,483,904
311,2813,311,385,681
311,2813,311,437,149
312,889,312,162,398
313,3283,313,194,98
315,1498,315,231,579
315,1498,315,241,880
315,2098,315,231,579
315,2098,315,241,880
315,2664,315,231,579
315,2664,315,241,880
315,3321,315,231,579
315,3321,315,241,880
316,4772,316,60,343
316,4772,316,308,132
318,1863,318,490,742
320,311,320,260,779
320,311,320,315,767
320,2797,320,260,779
320,2797,320,315,767
320,4707,320,260,779
320,4707,320,315,767
321,3373,321,148,926
325,1685,325,67,216
325,1685,325,472,799
330,1790,330,138,344
330,1790,330,294,108
330,1790,330,345,580
330,1866,330,138,344
330,1866,330,294,108
330,1866,330,345,580
330,2284,330,138,344
330,2284,330,294,108
330,2284,330,345,580
331,3799,331,440,874
332,4415,332,102,566
336,4107,336,96,273
336,4936,336,96,273
338,1007,338,410,878
338,3576,338,410,878
338,4063,338,410,878
338,4822,338,410,878
341,728,341,106,162
341,728,341,182,781
341,728,341,319,77
341,728,341,340,414
343,4034,343,64,239
343,4034,343,346,156
346,3841,346,295,249
347,1620,347,276,645
347,1934,347,276,645
348,4413,348,192,346
349,973,349,268,890
349,1710,349,268,890
352,3243,352,470,477
354,3835,354,178,597
354,3835,354,225,799
355,2696,355,301,556
358,3081,358,282,166
358,3821,358,282,166
358,4241,358,282,166
359,2894,359,104,294
361,1834,361,20,21
361,1834,361,102,980
362,320,362,313,147
362,320,362,470,871
362,2680,362,313,147
362,2680,362,470,871
366,1480,366,385,843
366,1480,366,428,562
367,2842,367,117,444
368,2348,368,112,384
368,2348,368,215,448
368,2901,368,112,384
368,2901,368,215,448
371,924,371,393,187
377,4309,377,372,776
383,1445,383,265,34
383,2243,383,265,34
388,2458,388,364,1000
388,3516,388,364,1000
389,683,389,373,784
389,836,389,373,784
389,2678,389,373,784
389,3623,389,373,784
400,60,400,376,940
402,65,402,409,908
407,2387,407,371,695
407,3338,407,371,695
408,2526,408,321,772
411,1875,411,133,611
412,4489,412,243,683
413,276,413,373,690
415,3821,415,214,432
415,3821,415,384,996
415,3821,415,387,264
416,3019,416,46,22
416,3019,416,357,412
417,2303,417,130,748
425,1782,425,129,100
425,1782,425,240,82
425,1782,425,382,787
426,2492,426,238,651
428,71,428,73,441
428,71,428,318,887
428,71,428,456,119
428,1753,428,73,441
428,1753,428,318,887
428,1753,428,456,119
428,2454,428,73,441
428,2454,428,318,887
428,2454,428,456,119
433,521,433,85,18
435,3870,435,357,929
439,3543,439,47,709
439,3543,439,74,796
439,3543,439,157,86
439,3543,439,396,123
444,615,444,437,647
444,2468,444,437,647
445,2357,445,169,781
445,2357,445,232,638
452,696,452,359,319
452,3941,452,359,319
454,1331,454,104,898
454,1331,454,179,708
454,1331,454,368,98
456,3672,456,22,641
456,3907,456,22,641
457,3461,457,122,361
457,4653,457,122,361
462,868,462,105,688
462,1325,462,105,688
464,83,464,186,927
465,3693,465,376,677
467,3525,467,25,281
467,3525,467,115,634
467,3525,467,282,383
468,106,468,291,261
479,1988,479,26,612
479,1988,479,489,175
479,3028,479,26,612
479,3028,479,489,175
479,3253,479,26,612
479,3253,479,489,175
481,940,481,11,888
482,4418,482,145,102
482,4833,482,145,102
484,691,484,170,104
484,691,484,404,565
484,691,484,453,559
484,771,484,170,104
484,771,484,404,565
484,771,484,453,559
484,2278,484,170,104
484,2278,484,404,565
484,2278,484,453,559
488,3493,488,401,222
488,4545,488,401,222
489,1816,489,109,937
489,3090,489,109,937
490,4758,490,390,960
491,4076,491,83,581
493,198,493,456,684
493,4142,493,456,684
494,134,494,262,376
495,90,495,390,73
495,227,495,390,73
495,1624,495,390,73
495,2135,495,390,73
496,1208,496,209,762
496,1208,496,387,667
499,671,499,297,849
503,457,503,146,657
505,4769,505,146,110
505,4769,505,279,566
507,2347,507,94,148
507,2347,507,120,897
510,65,510,458,461
522,75,522,373,637
522,75,522,375,850
522,818,522,373,637
522,818,522,375,850
527,775,527,74,792
527,775,527,331,262
527,2140,527,74,792
527,2140,527,331,262
527,2927,527,74,792
527,2927,527,331,262
527,3870,527,74,792
527,3870,527,331,262
530,94,530,183,447
530,711,530,183,447
530,2136,530,183,447
531,2919,531,67,132
533,1634,533,13,22
533,1634,533,64,973
533,1634,533,154,848
533,1634,533,261,790
536,3192,536,228,512
536,3192,536,449,109
536,4507,536,228,512
536,4507,536,449,109
542,4684,542,171,538
545,348,545,203,913
545,573,545,203,913
545,627,545,203,913
545,1040,545,203,913
545,1865,545,203,913
545,2054,545,203,913
545,3273,545,203,913
546,1907,546,297,560
546,2597,546,297,560
547,1191,547,34,410
547,1660,547,34,410
547,2313,547,34,410
550,4227,550,214,246
550,4738,550,214,246
550,4891,550,214,246
553,701,553,188,605
553,2171,553,188,605
553,4445,553,188,605
556,2143,556,44,808
556,4737,556,44,808
557,4299,557,272,721
557,4299,557,362,108
557,4299,557,485,813
562,3979,562,438,477
563,2626,563,160,514
563,2626,563,200,941
563,3101,563,160,514
563,3101,563,200,941
564,3366,564,154,406
566,1455,566,415,401
566,2786,566,415,401
567,875,567,344,162
567,1306,567,344,162
567,1327,567,344,162
568,582,568,25,67
572,1419,572,62,57
572,1419,572,329,17
572,1419,572,470,782
573,771,573,333,714
573,771,573,490,617
573,3534,573,333,714
573,3534,573,490,617
574,4242,574,22,388
574,4242,574,496,431
575,1297,575,403,744
575,2676,575,403,744
577,2293,577,46,369
577,2293,577,388,177
577,2293,577,452,707
577,2293,577,491,862
578,2100,578,94,562
578,2100,578,389,611
578,4962,578,94,562
578,4962,578,389,611
579,4518,579,380,766
581,1629,581,83,655
581,1629,581,341,934
582,1262,582,228,252
582,3469,582,228,252
586,2442,586,223,695
586,2442,586,347,421
586,3185,586,223,695
586,3185,586,347,421
590,2142,590,52,521
590,2142,590,277,504
598,2333,598,284,385
602,4925,602,425,826
610,1268,610,182,325
612,4776,612,228,409
612,4776,612,491,913
614,4294,614,158,479
614,4294,614,265,233
615,4409,615,384,359
615,4528,615,384,359
627,3878,627,308,342
629,1585,629,230,77
629,1585,629,361,250
629,1712,629,230,77
629,1712,629,361,250
630,1675,630,14,173
630,1675,630,149,132
630,1675,630,271,130
630,1675,630,399,782
630,1675,630,493,623
630,4809,630,14,173
630,4809,630,149,132
630,4809,630,271,130
630,4809,630,399,782
630,4809,630,493,623
633,490,633,249,964
633,3551,633,249,964
634,342,634,271,595
634,342,634,482,837
635,3577,635,186,393
635,3577,635,458,100
635,3577,635,484,437
637,3056,637,355,386
638,514,638,161,355
638,3402,638,161,355
638,3634,638,161,355
639,3335,639,248,245
642,540,642,178,711
642,540,642,211,859
642,540,642,468,569
645,4378,645,55,808
645,4378,645,447,754
646,4272,646,345,731
647,2712,647,128,619
647,2712,647,382,391
647,4573,647,128,619
647,4573,647,382,391
648,1026,648,245,588
648,1095,648,245,588
648,2481,648,245,588
654,1576,654,342,176
654,4290,654,342,176
656,4733,656,169,964
656,4733,656,470,833
660,1997,660,33,775
660,1997,660,103,248
660,1997,660,225,617
660,2690,660,33,775
660,2690,660,103,248
660,2690,660,225,617
660,4213,660,33,775
660,4213,660,103,248
660,4213,660,225,617
664,2299,664,67,215
664,2299,664,119,780
664,3886,664,67,215
664,3886,664,119,780
665,2368,665,50,141
665,2368,665,460,292
667,3374,667,114,78
667,4847,667,114,78
668,4797,668,455,699
670,1815,670,72,62
673,4572,673,247,936
682,4205,682,347,217
683,22,683,268,811
683,22,683,373,305
686,830,686,311,195
686,1062,686,311,195
687,187,687,142,59
687,1900,687,142,59
689,918,689,145,792
689,918,689,244,285
689,2599,689,145,792
689,2599,689,244,285
689,3896,689,145,792
689,3896,689,244,285
692,845,692,68,905
692,845,692,86,137
692,845,692,208,957
692,845,692,382,475
692,1381,692,68,905
692,1381,692,86,137
692,1381,692,208,957
692,1381,692,382,475
695,4945,695,343,346
696,2215,696,314,336
696,2215,696,444,768
696,4087,696,314,336
696,4087,696,444,768
696,4090,696,314,336
696,4090,696,444,768
700,209,700,44,583
700,412,700,44,583
700,3564,700,44,583
701,237,701,461,350
701,1948,701,461,350
701,4202,701,461,350
702,153,702,228,316
702,862,702,228,316
702,2719,702,228,316
702,4931,702,228,316
704,1271,704,60,243
704,2646,704,60,243
705,4495,705,50,291
705,4495,705,137,239
707,1184,707,127,814
707,1184,707,335,905
707,1184,707,345,44
707,1184,707,465,742
707,4969,707,127,814
707,4969,707,335,905
707,4969,707,345,44
707,4969,707,465,742
708,3671,708,66,17
708,3868,708,66,17
708,4729,708,66,17
716,3231,716,156,450
716,3231,716,300,720
719,2966,719,243,430
720,3922,720,272,768
721,2279,721,63,590
721,2279,721,177,987
721,2288,721,63,590
721,2288,721,177,987
721,2333,721,63,590
721,2333,721,177,987
727,1300,727,32,924
727,4108,727,32,924
730,313,730,39,506
730,313,730,141,679
730,2708,730,39,506
730,2708,730,141,679
734,587,734,428,55
736,1785,736,63,554
736,1785,736,429,384
738,3383,738,180,396
742,1233,742,150,670
742,1233,742,325,380
742,3217,742,150,670
742,3217,742,325,380
744,3939,744,213,706
746,3051,746,340,899
746,3051,746,384,368
755,1970,755,182,369
755,1970,755,352,128
755,3250,755,182,369
755,3250,755,352,128
756,2248,756,88,664
756,2680,756,88,664
758,2187,758,204,214
758,4721,758,204,214
761,1586,761,382,201
761,3161,761,382,201
763,1516,763,233,437
763,1516,763,411,388
763,3230,763,233,437
763,3230,763,411,388
766,978,766,101,40
769,484,769,93,455
769,484,769,323,242
769,484,769,439,535
769,1704,769,93,455
769,1704,769,323,242
769,1704,769,439,535
773,936,773,132,104
773,936,773,466,688
778,3725,778,50,666
778,3725,778,205,923
780,3036,780,60,495
780,3036,780,102,615
780,3036,780,360,678
781,879,781,11,618
783,3203,783,237,416
784,61,784,14,683
784,61,784,319,329
787,3947,787,215,626
787,3947,787,497,615
790,778,790,367,515
790,778,790,466,84
790,778,790,487,729
793,3258,793,177,323
793,3258,793,259,306
793,3258,793,324,978
793,3985,793,177,323
793,3985,793,259,306
793,3985,793,324,978
794,3571,794,13,963
794,3571,794,62,612
796,1222,796,185,111
796,1380,796,185,111
796,1760,796,185,111
796,3466,796,185,111
796,4778,796,185,111
801,2935,801,471,272
802,4456,802,116,145
804,4739,804,218,46
805,1423,805,484,199
805,4651,805,484,199
806,1606,806,156,291
807,3330,807,248,141
808,87,808,301,364
808,1576,808,301,364
808,3640,808,301,364
810,3600,810,234,105
810,4925,810,234,105
815,2003,815,148,980
815,2141,815,148,980
815,3928,815,148,980
817,936,817,91,411
818,670,818,445,250
819,1784,819,118,837
819,1784,819,146,748
819,1784,819,365,701
820,427,820,242,384
820,724,820,242,384
822,561,822,19,142
822,561,822,381,566
822,1273,822,19,142
822,1273,822,381,566
822,3215,822,19,142
822,3215,822,381,566
826,4021,826,327,789
831,152,831,247,468
831,152,831,476,396
831,152,831,483,427
831,4126,831,247,468
831,4126,831,476,396
831,4126,831,483,427
833,530,833,286,324
833,530,833,369,225
834,802,834,228,474
834,802,834,414,52
834,802,834,449,583
834,3334,834,228,474
834,3334,834,414,52
834,3334,834,449,583
837,2988,837,183,208
837,3574,837,183,208
838,2268,838,355,968
838,4136,838,355,968
842,3723,842,367,727
842,4765,842,367,727
843,737,843,339,781
844,175,844,10,876
844,175,844,95,374
844,1078,844,10,876
844,1078,844,95,374
844,3308,844,10,876
844,3308,844,95,374
845,1457,845,320,467
845,1457,845,411,294
848,1608,848,192,571
850,1736,850,202,93
852,1919,852,191,954
852,1919,852,480,718
852,3150,852,191,954
852,3150,852,480,718
853,230,853,96,518
857,712,857,177,126
857,712,857,223,628
857,2851,857,177,126
857,2851,857,223,628
860,3591,860,283,708
863,2919,863,102,297
863,3037,863,102,297
864,2921,864,251,480
864,2921,864,280,61
866,3215,866,47,186
868,368,868,187,640
868,1045,868,187,640
868,2364,868,187,640
868,3993,868,187,640
871,992,871,125,93
871,992,871,133,141
871,992,871,212,50
872,67,872,412,630
872,3155,872,412,630
873,2536,873,133,500
873,3701,873,133,500
876,2954,876,92,847
876,3008,876,92,847
876,4282,876,92,847
881,2594,881,430,240
881,2594,881,486,248
881,3281,881,430,240
881,3281,881,486,248
882,411,882,26,788
882,411,882,362,264
882,4485,882,26,788
882,4485,882,362,264
886,2472,886,67,580
888,1859,888,330,919
891,4222,891,207,866
894,1711,894,286,657
894,4409,894,286,657
896,2230,896,86,732
896,2230,896,101,954
896,2230,896,314,47
896,2230,896,495,199
897,573,897,403,910
897,573,897,465,630
897,573,897,470,549
897,1931,897,403,910
897,1931,897,465,630
897,1931,897,470,549
903,1253,903,73,23
903,1253,903,400,762
904,944,904,164,188
904,4713,904,164,188
911,391,911,184,21
914,3624,914,300,727
914,3624,914,354,101
914,4775,914,300,727
914,4775,914,354,101
915,1189,915,41,750
915,1189,915,45,839
916,2177,916,135,968
917,447,917,161,234
919,2102,919,112,311
919,2558,919,112,311
919,4964,919,112,311
921,2958,921,500,640
922,4152,922,198,795
922,4152,922,252,210
925,3928,925,138,202
928,1623,928,164,396
928,3411,928,164,396
928,4409,928,164,396
931,2457,931,80,601
931,2457,931,145,474
931,2457,931,341,58
931,2457,931,365,202
932,2830,932,140,820
932,2830,932,247,725
933,2084,933,134,979
933,3214,933,134,979
935,2454,935,68,143
935,2454,935,382,141
936,451,936,17,828
936,451,936,171,555
936,3381,936,17,828
936,3381,936,171,555
936,3463,936,17,828
936,3463,936,171,555
936,4518,936,17,828
936,4518,936,171,555
937,3370,937,262,534
939,4782,939,155,646
939,4782,939,350,602
941,4409,941,36,330
942,142,942,137,242
942,2824,942,137,242
943,315,943,455,287
943,1632,943,455,287
943,4113,943,455,287
947,3498,947,304,954
947,4764,947,304,954
947,4893,947,304,954
949,2678,949,443,56
950,2555,950,141,65
951,915,951,259,815
954,176,954,172,285
954,3955,954,172,285
955,3330,955,204,990
955,3330,955,243,342
955,3330,955,437,890
955,3330,955,489,245
957,1220,957,45,360
957,1220,957,463,654
957,3645,957,45,360
957,3645,957,463,654
960,3053,960,105,897
964,385,964,339,438
966,700,966,190,566
966,1184,966,190,566
966,4127,966,190,566
967,4429,967,415,870
968,2965,968,229,792
974,2219,974,122,875
974,2219,974,321,108
978,4173,978,403,353
980,1930,980,481,338
984,708,984,98,754
984,708,984,365,458
984,1668,984,98,754
984,1668,984,365,458
984,2395,984,98,754
984,2395,984,365,458
985,72,985,371,357
985,1069,985,371,357
992,1515,992,274,150
993,4333,993,274,682
995,777,995,145,388
997,3328,997,23,782
997,3328,997,45,412
997,3328,997,235,856
